SalePrice,Area,Bedrooms,Bathrooms,CarParks,PropertyType
3.85,363,3,2,1,0
5.66,636,3,2,2,1
5.675,1007,2,2,1,1
5.47,375,4,2,2,0
4.4,493,4,2,2,0
2.5,277,3,2,1,1
3.2,162,2,1,1,0
6.17,672,3,2,2,0
2.475,602,1,1,1,1
3.91,705,3,2,3,0
5.2,552,4,2,4,0
3.185,138,3,2,1,0
4.915,877,3,1,4,0
6,2777,2,1,2,1
4.4,134,3,2,2,1
5.5,697,3,1,1,0
3.3,544,4,1,2,0
2.145,487,4,3,2,0
4.32,646,2,1,1,1
4.7,612,4,2,2,0
22.22,686,3,1,1,0
6.25,131,2,1,1,0
4.11,843,4,2,1,0
9.01,371,3,1,4,0
3.875,350,3,2,2,0
5.2,1042,2,1,1,1
16.9,733,4,4,2,0
2.56,194,2,1,1,1
3.3,674,4,2,2,0
4.15,671,4,1,2,0
3.45,1664,2,1,1,0
5.92,661,4,2,2,0
3.62,1827,1,1,0,1
2.6,825,1,1,1,1
13.9,1250,3,2,2,0
7.15,237,2,2,1,0
3.0978,247,3,1,2,1
2.8,2018,2,1,1,1
6,2782,1,1,1,0
4.7,608,3,2,2,0
4.86,186,2,1,1,1
4.91,533,3,2,2,0
3.3,545,4,2,2,0
6.38,138,2,1,1,0
9.2,437,3,3,2,1
4.09,680,4,2,2,0
4.63,1826,2,2,1,1
16.9,433,3,2,2,0
8.305,543,3,1,2,0
8.88,661,3,2,2,0
5.1,2825,2,2,1,1
2.15,1747,2,1,1,1
11.7,588,2,2,3,0
3.15,137,2,1,1,1
21.5,1011,1,1,2,0
4.775,583,5,2,2,0
4.3,613,4,2,2,0
3.55,392,4,2,2,0
3.44,453,3,1,1,0
3.58,310,3,2,2,0
4.37,529,3,1,2,0
5.5,635,2,1,1,1
3.15,401,2,1,1,1
3,597,3,2,2,0
4.9,581,4,2,1,0
12.3,810,4,2,2,0
2.25,75,2,1,2,1
3.9,696,3,2,2,0
3.35,539,3,1,1,0
2.57,112,2,1,1,1
3.08,654,3,2,2,0
8.6,1205,4,2,4,0
5.5,714,3,1,2,0
3.399,62,2,1,1,1
6.55,1115,3,2,2,1
17.1,602,4,1,2,0
5.85,195,3,1,2,1
5.1,446,2,1,2,0
9.65,320,3,1,2,0
9.05,464,3,1,2,0
7.61,592,4,3,2,0
3.49,307,4,2,2,0
3.05,117,2,1,1,1
3.41,479,4,2,2,0
2.725,293,3,2,1,0
3.20002,490,4,2,2,0
8.8,725,3,2,3,0
3,394,4,2,2,0
3.2242,618,3,2,1,0
3.881,350,3,2,2,1
4.95,613,4,1,2,0
2.3,699,3,1,1,0
3.01,375,3,2,2,0
3.7,496,3,2,2,0
7.15,653,4,2,1,0
4.45,448,3,2,2,0
8.2,733,3,1,2,0
4.3,438,4,2,2,0
4.35,579,3,1,2,0
8.25,236,2,1,1,0
5.45,585,3,1,1,0
3.855,451,4,2,2,0
5.8,648,4,2,2,0
3.37,1350,2,1,1,1
4.374,409,4,2,2,0
4.4,1922,2,1,0,1
3.75,2056,2,1,1,1
6.6,1238,2,1,1,1
5.95,2323,2,2,1,1
4.3,497,2,1,2,1
5.495,685,3,1,1,0
4.805,715,3,1,2,0
5.15,649,3,2,1,0
13.5,555,4,2,3,0
8.02,667,4,2,2,0
4.35,437,4,2,2,0
5.995,419,2,1,1,1
3.62,472,4,2,2,0
3.35,650,3,1,1,0
6.125,671,4,2,2,0
2.75,576,3,1,1,0
3.59,313,3,1,1,0
3.06,2323,1,1,1,1
4.339,350,4,2,2,0
8.8,674,4,1,4,0
4.78,628,3,1,2,0
4.5,448,3,2,2,0
7.79,141,3,2,2,1
3.75,400,3,2,2,0
3.22,385,3,1,1,0
3.15,371,4,2,2,0
2.675,166,2,1,1,1
3.98,246,2,1,1,1
5.15,826,3,1,1,0
4.31,594,4,2,2,0
9.2,393,2,1,2,0
3.78,824,2,1,1,1
3.4,565,3,3,2,0
5.15,1647,1,1,1,1
4.5,312,3,2,2,0
3.154,562,3,1,2,0
70,781,7,1,1,0
3.4,1386,2,2,1,1
9.25,736,4,1,4,0
2.9,585,3,1,1,0
12.52,905,3,2,2,0
4.72,538,3,2,1,0
2.59,536,3,2,2,0
18.7,511,4,2,2,0
6.7,996,3,2,2,0
5.4,696,4,2,2,0
3.6,895,3,1,1,0
10.3,649,3,1,1,0
5.99,1940,2,2,1,1
8.52,250,3,1,1,0
4.81,677,3,1,2,0
6.12,955,3,2,1,0
5.05,202,4,3,2,0
5.65,985,2,1,1,1
4.5,2127,2,1,1,0
6.45,700,3,2,2,0
4.25,659,4,2,2,0
3.895,355,3,2,2,0
5.45,1386,2,1,1,0
7.5,513,3,1,1,0
2.95,576,3,1,1,0
4.41,574,3,2,1,0
22.75,1012,3,3,3,0
4.76,666,3,2,2,0
7.11,1217,4,2,2,0
4.1,836,3,2,2,0
3.86,563,3,2,2,0
9.3,441,3,2,1,0
22,700,3,2,2,0
4.15,438,4,2,2,0
5.61,340,2,1,2,0
4.6,480,3,2,2,0
2.58,2311,1,1,1,1
3.72,1620,2,1,1,1
4.315,703,4,2,2,0
6.05,476,2,1,3,0
6.67,395,3,2,1,0
4.52,608,4,2,2,0
5.2,2127,2,1,1,1
10.85,596,3,2,1,0
4.24,1781,2,2,2,0
7.5,83,2,2,1,1
19,552,4,1,4,0
3.05,101,1,1,0,1
8.8,352,3,1,1,0
4.62,450,2,1,1,1
2.95,69,1,1,1,1
6.687,646,4,2,2,0
3.41,635,3,1,2,0
4.08,557,4,2,2,0
3.25,1239,1,1,1,1
19.75,335,2,3,2,1
9.525,328,4,1,1,0
5.22,543,4,2,2,0
6.4,478,3,1,3,0
8.01,613,3,2,2,0
3.325,537,3,1,2,0
5.5,173,3,1,2,1
4.95897,2127,2,1,1,1
5.03,416,3,2,2,0
3.7,613,3,2,2,0
4.95,792,3,2,2,0
2.7,654,3,1,2,0
4.7,606,3,1,2,0
2.95,257,3,1,2,1
7.6,266,3,1,1,0
3.5,293,3,2,1,0
3.2,878,1,1,1,1
3.35,560,3,1,2,0
10,922,4,1,2,0
2.6,636,3,1,3,0
31.75,891,4,2,2,0
6.5,1410,2,2,2,1
3.1,1569,1,1,1,1
26.5,1458,4,3,2,0
3.65,210,3,2,2,1
4.75,291,2,1,1,1
3.43,798,3,2,2,0
5.6,1423,2,1,1,1
3.45,239,4,2,2,1
4.05,448,4,2,2,0
4.47,179,3,1,2,1
3.7,320,3,1,1,0
6.6,207,2,2,2,0
4.15,392,3,2,2,0
6.75,588,2,1,1,1
5.05,364,4,2,2,0
22.2,613,3,1,2,0
3.55,569,4,2,2,0
4,420,4,2,2,0
5.01,457,4,2,2,0
3.3,370,4,2,2,0
4.55,920,2,1,1,1
5.55,426,3,2,1,0
5.5,102,3,2,1,1
3.4,198,2,1,1,1
5.2,573,3,1,2,1
4.42,585,4,2,2,0
5.72,292,2,1,1,0
3.85,349,4,2,2,0
3.37,400,3,2,2,0
2.82,564,3,1,2,0
3.45,571,3,2,2,0
2.28,580,3,1,2,0
3.85,313,3,1,1,0
8.71,1062,4,2,2,0
7.5,401,3,1,1,0
4.7,551,3,1,2,0
6.525,669,2,1,2,0
5.225,169,2,1,1,1
6.3525,489,2,1,1,0
6.9,297,3,2,2,1
2.4,178,2,1,1,1
3.7,547,3,2,2,0
4.8,693,4,2,1,0
4.5,1213,3,2,2,0
3.95,788,2,1,1,1
3.9,608,4,2,2,0
3.8,400,4,2,2,0
3.215,216,2,1,1,1
6.1,955,2,2,1,1
3.299,121,2,1,1,0
3.4,467,4,2,2,0
4.35,752,4,2,2,0
3.85,1732,2,1,1,1
3,656,3,1,1,0
3.25,336,3,2,2,0
6.52,3003,2,2,1,1
10.95,865,3,3,3,0
2.77,938,2,1,1,1
4.8,497,3,2,1,1
3.62,697,1,1,1,1
3,2323,1,1,1,1
4.2,399,4,2,2,0
3.58,392,3,2,2,0
3.29,632,3,2,2,0
7.1,271,3,1,1,1
3.25,472,4,2,2,0
4.45,608,4,2,2,0
3.72,399,4,2,2,0
14,759,3,1,1,0
4.62,508,3,1,1,0
4.25,773,4,2,2,0
2.5,54,2,1,1,1
6,409,3,1,1,0
5.55,646,4,3,2,0
12.8,130,2,2,2,0
4.006,2466,2,1,1,1
2.57,1805,2,1,1,1
8.3,715,2,1,2,0
3.3,348,2,1,1,0
3.88,376,3,2,2,0
3.533,577,3,2,1,0
5.375,155,3,2,2,0
2.45,1181,1,1,1,1
3.6,262,3,2,2,1
5.8,160,3,2,1,0
4.4,448,4,2,2,0
12.5,199,2,1,1,1
4.1,400,3,2,2,0
3.25,575,3,1,2,0
5.3,213,3,2,2,0
3.93,147,3,2,2,0
3.95,404,4,2,2,0
4.325,604,4,3,2,0
2.9,590,3,1,2,0
3.85,724,3,1,4,0
3.835,783,2,1,1,1
5.91,123,2,2,1,1
2.29,420,4,2,2,0
2.45,1977,2,1,1,1
3.45,764,3,1,2,0
4.25,668,1,1,1,0
4.23,209,3,2,2,0
4.775,400,4,2,2,0
6.9,339,2,1,2,0
3.35,800,3,1,2,0
4,1915,2,1,0,1
7.65,634,2,1,1,0
9,383,3,1,1,0
4.199,349,3,2,2,0
5.35,156,2,1,1,1
7.45,465,2,1,1,0
5.11,392,3,1,1,1
4.22,554,3,2,2,0
3.76,1167,2,2,1,1
4.5,539,3,2,2,0
5.025,510,4,2,2,0
4.81055,645,4,2,2,0
3.57,614,3,1,1,0
4.51,825,2,1,1,1
8.425,315,3,2,2,0
3.1,548,3,1,1,0
4.05,374,3,2,2,0
3.65,448,3,2,2,0
8.5,546,3,2,2,0
5.05,1020,2,1,1,1
2.975,614,3,2,2,0
3.3,2832,1,1,1,1
4.95,576,4,2,2,0
5.45,187,2,1,1,1
12.86,412,3,1,2,0
13,902,3,2,2,0
3.65,300,3,2,1,0
2.95,273,1,1,1,1
2.85,603,3,1,2,0
5,797,2,1,1,1
3.5,439,4,2,2,0
5.15,3003,1,1,1,1
4.3,261,3,2,2,1
16.7,1018,4,3,2,0
7.01,238,3,2,2,1
2.7,750,3,1,2,0
4.67,502,3,1,1,0
15.49,184,3,2,1,0
17.6,340,4,3,1,0
4.57,587,4,2,2,0
5.56,761,2,1,2,1
6.65,678,3,2,2,0
3.85,300,3,1,1,0
15.4,402,3,2,2,0
8.85,154,2,1,1,0
4.41,616,4,2,2,0
8.75,669,3,1,2,0
4.8,512,4,2,2,0
4.8,863,4,2,2,0
4.05,420,4,2,2,0
8.54,142,3,2,2,1
3.15,273,2,1,1,1
3.1,1019,2,1,1,1
4.36,627,3,1,0,0
13.69,400,3,1,2,0
22.5,2838,2,2,2,1
4.56,584,3,2,2,0
3.83,2311,1,1,1,1
10.3,464,4,2,2,0
5.4,1001,4,2,4,0
19.5,373,3,3,2,0
2.77,270,2,1,1,1
4.795,512,4,2,2,0
3.5,568,4,2,2,0
9,1013,3,2,4,1
3.695,106,1,2,2,0
14.31,636,4,2,2,0
3.44,570,4,2,2,0
5.65002,313,4,2,2,0
6.65,193,3,2,1,0
3.2,659,4,2,2,0
3.975,2832,1,1,1,1
3.21,1003,2,1,1,1
3.425,676,3,1,2,0
6.4,142,3,2,1,1
5.2,797,3,2,1,0
4.50001,2321,1,1,1,1
2.95,149,2,1,1,1
3.19,216,3,1,1,1
3.42,512,3,2,2,0
4.065,667,5,2,2,0
10.55,2322,3,3,2,1
13.25,847,3,1,2,0
3.05,280,3,2,1,1
38,920,4,3,2,0
3.63,82,2,1,1,1
4.6,195,2,1,2,1
5.6,571,3,1,2,0
6.68,761,3,2,1,1
6.3,559,4,4,2,0
3.015,790,2,1,1,1
3.6,697,3,2,2,0
3.399,72,2,1,1,0
3,1378,1,1,0,1
4.7,696,5,2,5,0
4.15,1937,2,2,1,1
3.65,504,3,1,1,0
8.8,138,3,1,2,1
6.65,215,3,2,2,1
9.0888,670,4,2,2,0
8.625,1037,2,2,2,1
4.99,1349,2,2,1,0
4.225,350,3,2,2,0
4.1,585,3,1,2,0
10.65,571,4,2,5,0
6.86,1386,2,2,1,1
6.5,249,3,2,2,1
4.775,160,3,2,1,1
6.5,2230,2,2,1,1
7,715,3,1,1,0
5.055,198,2,2,1,1
4.68,2038,2,1,2,1
2.8,284,4,2,1,1
3.2,330,3,2,1,0
5.05,412,3,2,2,0
9.2,725,3,1,3,0
4.265,2343,1,1,1,1
6.39,238,3,2,2,1
5.6725,1296,2,1,1,1
3.2,760,1,1,1,1
2.35,393,2,1,1,1
3.5,312,3,2,1,0
2.15,166,4,2,2,0
3.05,557,3,1,1,0
4.59,782,4,2,2,0
3.6,914,2,1,1,1
4.6,420,4,2,2,0
4.42,661,4,2,2,0
2.45,580,3,1,4,0
2.95,220,2,2,1,1
2.5,165,2,1,1,0
5.91,296,3,1,1,0
20.85,620,3,2,3,0
4.9,656,4,2,2,0
4,605,2,2,1,0
9.8,228,4,2,2,1
11,186,3,1,1,0
7.825,472,4,1,4,0
4.4,1022,3,2,2,0
4.55,585,3,1,1,0
19.5,892,5,2,3,0
7.9885,1397,2,2,1,1
5.61,230,2,1,2,1
3.56,669,3,1,1,0
4.8,458,3,2,2,0
2.85,929,2,1,1,1
27.7,650,4,4,2,0
4.35,545,3,2,1,0
4.1,306,3,2,2,0
3.585,538,4,1,2,0
5,576,4,2,2,0
8.22,225,3,2,2,0
4.6,448,4,2,1,0
5.8,195,2,1,1,1
7.75,780,2,2,1,1
5.6,910,3,1,2,0
3.45,226,2,1,1,1
3.15,534,4,2,2,0
8.37,657,4,2,2,0
8.6,287,4,2,2,1
2.75,2038,2,1,1,1
3.75,790,3,2,2,0
2.65,561,3,2,3,0
3.375,705,3,1,1,1
3.51,337,3,2,2,0
12.79,693,3,1,2,0
23,1557,2,2,3,0
3.72,868,3,1,2,0
5.565,1386,3,1,1,0
5.9,319,3,2,2,0
2.66,574,3,1,2,0
4.3,480,4,2,2,0
3.39,191,3,1,2,0
5.27,673,3,1,2,0
4.4,190,3,2,1,1
26,657,5,3,2,0
2.98,864,2,1,1,1
3.8,536,3,1,2,0
5.9,630,5,3,3,0
4.19,661,4,2,2,0
3.4,655,2,1,1,1
2.785,452,1,1,1,1
3.38,604,4,1,2,0
3.3,551,3,2,2,0
2.1,448,4,2,2,0
3.42,448,3,2,2,0
3.824,293,4,2,2,0
3.39,899,2,1,1,1
3.9,2106,2,1,1,1
7.03,257,3,2,2,1
3.44,177,2,1,1,0
3.67,320,3,2,1,0
7.38,606,4,3,2,0
4.97,350,4,3,2,0
3.75,612,3,1,2,0
5.4,640,4,2,2,0
4.12002,515,4,2,2,1
6.201,163,2,1,1,1
13.2,634,3,1,1,0
5.12,750,4,2,2,0
3.35,541,3,1,2,0
3.08,313,3,2,1,0
5.725,487,4,2,2,0
16.1,651,3,2,4,0
5.2,450,2,2,1,1
3.88,436,4,2,2,0
5.8,2322,2,1,1,1
9.6,1018,3,1,2,0
3.52,691,4,2,2,0
5.3299,650,3,1,1,1
11.50243,583,3,1,2,0
7.04,862,3,1,1,0
7.72,588,3,2,1,0
6.6,2248,2,2,1,1
5.7,1214,1,1,1,1
4.8,2127,2,1,1,1
2.65,329,3,1,1,0
47,1094,3,3,3,0
5.18,664,2,2,1,1
5.8,1850,2,1,1,1
4.145,76,2,1,1,1
2.97,535,3,1,3,0
52,1310,5,4,2,0
2.5,2077,1,1,1,1
3.1425,315,3,2,2,0
4.75,419,4,2,2,0
9.45,697,4,2,2,0
5.65,576,2,2,1,1
10.1,506,2,1,2,1
15.75,725,2,1,1,0
7.75,405,2,1,2,0
8.06,343,3,1,1,0
4.85,691,3,2,1,0
3.47,587,3,1,1,0
4.52,595,4,2,2,0
5,225,2,1,1,0
3.4,499,3,1,1,0
4.35,536,4,2,2,0
4.1,578,4,3,3,0
3.3,500,3,2,2,0
3.9,469,4,2,2,0
3.925,575,2,1,0,1
6,988,4,2,2,0
9.2,568,3,1,2,0
2.58,108,2,1,1,1
3.449,238,3,2,1,0
4.62,540,4,2,2,0
28.85,908,4,3,2,0
3.614,219,3,2,2,1
2,1294,1,1,1,1
3.09,319,3,1,1,0
7.6,692,3,2,1,1
8,613,3,1,3,0
4,400,4,2,2,0
3.8,649,3,2,1,0
3.1,320,3,1,1,0
6.8,734,3,2,1,0
3.3,329,3,1,1,0
3.25,605,3,1,1,0
9.225,440,3,2,2,1
4.18,221,2,1,1,0
3.6,988,2,1,1,1
3.63,325,2,2,2,1
4.52,880,2,1,1,1
8.52,235,3,3,2,0
7.56,336,2,1,1,0
7.5,657,3,2,2,0
3.85,624,3,1,1,0
18.6,594,4,2,1,0
3.23,320,3,1,1,0
15.3,3043,2,2,2,1
3.415,294,3,2,1,0
5.55,742,4,2,2,0
8.05,697,3,3,6,0
4.2,98,2,2,1,1
4.08,652,2,1,1,1
6.1,102,3,2,1,0
3.788,512,4,2,2,0
3.2,630,3,2,2,0
6.2,642,3,1,1,0
4.174,349,4,2,2,0
6.21,672,3,1,6,0
4.2,793,4,2,2,0
14.38888,731,3,3,5,0
5.2,592,3,1,1,0
6.15,635,2,1,1,1
3.67,464,4,2,2,0
5.3,400,6,2,2,0
7.4,744,4,2,2,0
2.75,920,2,1,1,1
4.5,825,4,2,2,0
4.5,963,2,1,1,1
3.27,139,2,2,1,0
2.9,306,1,2,2,0
4.5,521,2,1,1,1
2.9,400,4,2,2,0
68.5,1301,5,4,2,0
2.62,284,3,1,2,1
5.04,595,3,1,1,0
3.72,778,3,2,2,0
5.82,512,4,2,2,0
3,574,3,2,1,0
4.6,199,3,3,1,0
11.9,829,3,1,2,0
3.2,878,1,1,1,0
2.82,211,2,1,2,1
13.5,663,4,2,2,0
6.31,555,3,1,2,0
4.395,185,3,1,2,1
3.042,542,4,2,2,0
2.6,202,2,1,1,1
4.6,2416,2,1,1,1
11.6,794,3,2,2,1
3.1,537,3,1,1,0
3.1,313,2,2,1,0
4.85,672,4,2,2,0
7.35,405,3,1,1,0
3.3,131,2,1,1,1
4.52,262,3,2,2,0
2.83,142,2,1,2,1
4.2,1732,2,1,1,0
5.2,767,4,2,2,0
3.95,263,3,2,2,0
3.1995,765,1,1,1,1
4.87,633,3,1,1,1
4.1,742,4,2,2,0
4.85,148,2,1,2,1
3.72,516,3,2,2,0
5.4,566,4,2,2,0
3.6,400,3,1,1,0
6.8,243,3,2,1,1
4.68,114,3,2,2,1
6.71,487,4,1,2,0
4,369,3,2,2,0
3.9,447,4,2,2,0
8.3,658,4,2,2,0
4.25,782,4,2,2,0
4.05,1471,1,1,1,1
5,278,3,2,1,1
5.5,1463,2,2,1,1
9,371,3,1,1,0
3.25,1271,1,1,1,1
3.6,182,2,1,1,1
6,238,3,2,2,1
3.07,555,3,1,2,0
6.5,818,3,1,3,0
3.1895,266,2,1,1,0
8.5,154,2,1,2,0
5.5,172,2,1,1,1
11.3,564,4,2,2,0
3.9,400,4,2,2,0
3.45,52,2,1,1,0
2.25,822,2,1,1,1
3.65,526,2,1,1,1
3.375,264,3,2,2,0
3.26,563,3,2,2,0
5.27,719,4,1,2,0
6.04,711,3,1,2,0
2.05,110,2,1,1,1
3.3,282,3,2,1,0
11.2,858,3,1,4,0
3.925,442,2,1,1,0
10.65,158,2,3,1,0
10.725,761,5,2,2,0
13.8,801,3,2,2,0
6.75,613,3,2,1,1
3.685,575,2,1,0,1
4.825,571,4,2,2,0
4.2525,191,3,1,1,0
5.8,579,3,2,2,0
7.5,490,4,2,2,0
5.5,186,3,2,1,0
3.6,562,3,2,2,0
3.8,612,3,2,2,0
3.8,546,3,1,1,0
2.55,2661,1,1,1,1
7.36,1386,2,2,1,1
28.5,650,4,2,4,0
5,1012,2,1,1,1
6.25,1293,2,2,1,1
3.51,739,3,2,2,0
4.1,301,3,2,1,0
2.35,549,3,1,1,0
6,1947,2,2,1,1
8.1,956,2,1,2,0
12,444,3,2,2,0
26.1,723,4,4,3,0
3.65,675,3,1,1,0
7.1,809,3,2,2,1
6.65,777,5,1,4,0
4.77,729,4,2,2,0
3.05,598,1,1,1,1
3.87,640,3,2,1,0
13.1,1027,5,2,3,0
13.76,2825,2,2,1,1
3.95,588,3,1,2,0
4.48,448,4,2,2,0
3.2,650,3,1,4,0
35,561,3,3,4,0
4.88,301,3,2,2,0
2.7,96,3,1,1,1
2,400,3,2,2,0
4.4,444,4,2,2,0
8.5,173,2,1,1,1
2.99,613,3,1,2,0
4.05,450,3,2,2,0
3.68,601,4,2,2,0
2.88,341,2,1,1,0
3.875,534,3,2,1,0
5.65,792,3,2,2,0
2.83,268,2,1,1,1
3.65,619,3,1,1,0
8.9,367,3,2,6,0
3.75,609,3,2,2,0
45.3,942,3,1,2,0
6.65,811,4,2,3,0
4.93,2196,2,1,1,1
3.5,349,3,2,2,0
5.98,99,2,2,1,0
5.45,3482,1,1,1,1
8.7,512,3,1,2,0
6.05,98,2,1,1,1
3.359,138,3,2,2,1
3.01,1505,2,1,1,1
7.1,253,3,2,3,0
6.51,669,2,1,1,0
3,214,2,1,1,1
4.06002,575,4,3,2,0
5.4,630,4,2,2,0
4.75,620,4,2,2,0
6.2208,1282,2,2,1,1
5.5,455,4,2,2,0
8.61,348,4,3,2,0
2.95,647,3,1,2,0
17.05,265,3,1,1,0
3.95,540,3,2,2,0
3.61,433,3,2,2,0
5.6,139,3,2,2,1
4.785,697,2,1,1,1
4.05,738,3,2,6,0
3.18,55,1,1,1,1
9.85,337,3,3,2,0
3.59,337,3,2,1,0
2.25,2018,2,1,2,1
12.9,311,3,3,2,1
14.2,375,5,4,2,0
3.18,419,3,2,2,0
4.7,486,3,2,2,0
3.4,448,3,1,1,0
7.97,2896,2,2,1,1
8.55,502,3,1,2,0
3.199,293,3,2,1,0
20,1053,4,2,2,0
26.3,514,4,2,1,0
3.4,667,4,2,2,0
4.875,1638,2,1,1,1
2.6,531,3,1,2,0
3.425,983,2,1,1,1
4.55,649,4,2,2,0
2.55,955,2,1,1,1
3.95,204,3,2,1,1
2.75,809,3,1,4,0
4.52,522,5,2,2,0
3.39,54,2,1,1,0
6.59,699,4,2,2,0
6.1,531,3,1,2,0
3.9,752,3,2,1,0
2.7,338,2,1,1,0
4.03,282,3,2,1,0
4.4,74,3,3,2,1
3.36,300,3,2,2,0
3.5,2177,2,1,1,1
4,550,3,2,2,0
2.5,177,2,1,1,1
3.36,70,2,1,1,1
9.96,495,4,2,1,0
4.2,512,4,2,2,0
6.27,217,3,2,2,0
7,220,3,2,1,0
6.2,589,3,3,2,0
6.8,1349,2,2,1,0
10.5,652,3,2,1,0
9.2,508,3,2,2,0
6.43,501,3,1,2,0
3.825,832,1,1,1,1
3.82,376,3,1,2,1
2.85,429,3,1,1,0
3.03,165,2,1,1,1
3.6,274,3,1,2,1
3.89,320,3,2,2,0
3.35,161,2,2,1,1
5.5,587,4,1,2,0
5.025,645,3,2,3,0
9.5,286,2,2,2,0
6.75,294,3,2,1,0
3.65,582,4,2,2,0
6.91,511,2,1,1,0
3.6,527,4,2,4,0
3.28,293,4,2,1,0
6.1,312,3,2,2,1
5.755,395,5,3,2,0
2,700,3,2,2,0
5.65,166,4,2,2,0
12.15,496,3,3,1,1
2.4,944,1,1,1,1
3.3,529,3,1,1,0
5.9,181,2,1,1,0
2.95,560,1,1,1,1
7.375,759,7,2,4,0
4.55,501,3,1,1,0
17,643,4,3,2,0
6.35,1140,4,2,2,0
5.1,565,3,1,1,0
3.8,639,3,3,2,0
4.45,1461,2,1,1,1
3.05,595,2,1,2,0
3.37,1685,3,1,1,1
3.60002,187,3,2,2,1
7.06,190,3,2,1,0
3.21,530,3,1,1,0
3.3,333,3,1,1,0
5.76,1684,2,1,1,1
4.375,400,3,2,2,0
11.6,360,4,3,2,0
4.1,334,4,2,2,0
3.9,987,3,2,4,0
4.11,643,2,1,2,0
3.37,512,3,2,2,0
3.35,223,3,1,2,1
2.525,590,3,1,1,0
3.5,190,3,2,1,0
4.3,440,3,2,2,0
5.7,314,3,2,2,0
5.8,482,3,1,3,0
2.5,535,3,1,2,0
15.75,618,3,2,2,0
4.1,1110,1,1,1,1
4.82,1226,2,1,1,1
3.2,136,2,1,1,0
4.08,400,3,1,1,0
4.28,550,1,1,1,1
16.75,100,4,2,2,1
3.8,689,3,1,1,0
12,505,4,1,2,0
2.4,586,3,1,5,0
3.799,190,3,3,2,0
4.55,1939,2,1,1,1
2.76,116,2,1,1,1
5.4,2804,2,1,1,1
4.65,475,2,1,1,1
6.165,273,3,1,1,1
9.01,251,3,2,1,1
5.9,760,3,2,2,0
5.15,1397,2,2,1,1
3.7,320,3,1,1,0
14,650,4,3,2,0
24.65,251,4,2,3,0
3.77,164,2,1,0,0
7.6,708,3,1,1,0
5.75,880,4,2,4,0
6.7,102,3,2,2,0
4.9,450,4,2,2,0
2.775,126,3,1,1,1
6.35,83,2,2,1,1
7.4,296,3,3,1,1
6.15,786,4,3,2,0
7.2,211,3,2,2,1
7.475,371,3,1,2,0
3.228,147,2,1,1,1
3.65,3372,1,1,1,1
3.3,544,3,2,2,0
2.1,442,3,2,1,0
7.4,695,4,2,2,0
3.45,629,3,1,4,0
10,1000,3,2,4,0
2.6,178,2,1,1,1
6.64,1025,3,3,4,0
4.9,1752,2,2,1,1
3.48,651,3,2,2,0
14.3,664,5,3,2,0
3.34,508,3,2,2,0
3.1,728,3,2,2,0
6.15,368,2,1,2,0
5.7,766,2,2,1,0
3.9,144,2,1,1,1
3,296,2,1,6,0
3.31,655,4,2,2,0
5.01,139,2,1,1,1
4.2,840,3,1,1,0
16.51,292,3,1,2,0
3.85,512,3,2,2,0
7.2,655,3,2,3,0
4.025,664,4,2,2,0
3.5,711,3,2,4,0
3.29,959,1,1,1,1
2.55,120,2,1,1,1
3.75,185,4,2,4,0
3.806,106,3,2,1,0
2.85,790,1,1,1,0
6.6,1827,2,2,0,1
4.495,92,3,2,2,1
2.95,530,3,1,1,0
2.99,192,2,1,1,1
5.4,447,2,1,1,0
19.4,955,3,2,2,0
13.15,661,2,1,2,0
14,804,2,2,1,0
6.7,191,2,1,1,1
5.05,1226,2,1,1,1
3.45,237,2,1,1,1
3.3,313,3,2,2,0
3.85,595,4,2,2,0
3.35,580,3,1,1,0
3.9,513,4,2,2,0
4.015,239,1,1,1,1
4.4,1116,4,2,3,0
9.28,730,4,3,3,0
3.3,140,2,1,1,1
3.095,554,3,1,2,0
8.8,710,4,2,2,0
5.65,111,3,2,2,0
3.78,313,3,1,1,0
4.5,341,2,1,1,0
5.5,261,4,2,2,0
4.05,636,4,2,2,0
4.5,801,3,2,2,0
4.30555,1031,3,2,1,0
3.56,330,3,1,1,0
9.35,649,4,1,2,0
17.25,1091,4,1,2,0
3.74,1002,4,2,2,0
10.23,438,4,1,1,0
3,577,3,2,2,0
6.2,416,3,1,4,0
4,213,2,1,2,1
3.93,1401,2,1,1,1
4.8,807,3,2,2,0
3.185,1876,2,1,1,1
3.5495,325,4,2,2,0
3.4,310,3,2,2,0
2.75,657,1,1,1,1
3.37,512,3,2,2,0
4.275,474,3,2,2,0
2.85,534,3,1,1,0
17.15,824,4,2,2,0
7.22,531,3,1,2,0
29.5,703,3,2,2,0
2.75,1047,2,1,1,1
4.25,189,2,1,2,1
6,773,3,2,1,1
2.95,604,3,1,1,0
4.37,1937,2,2,1,1
9.75,766,4,4,4,0
4.45,575,2,1,0,1
3.675,533,3,1,1,0
5.2,561,3,2,1,0
2.46,359,2,1,1,1
9.8,483,3,1,1,0
2.95,664,3,1,2,0
3.52,180,2,2,1,1
3.47,638,3,2,1,0
2.835,530,3,1,1,0
3.8,480,3,2,2,0
4.69,773,2,1,1,1
4.07,833,3,2,2,0
4.425,417,3,2,2,0
4.14,424,4,2,2,0
4.5,320,3,2,1,0
5.45,401,6,3,2,0
8,1285,2,1,1,1
7.55,174,3,3,2,0
7.41,660,3,2,2,0
5.58,522,4,2,2,0
7.83,277,3,2,1,0
7.55,792,4,2,2,0
39.88,761,5,4,4,0
4.2,797,4,2,2,0
2.8,536,3,2,2,0
3.59,589,4,2,1,0
3.2,590,2,1,0,0
2.85,647,3,2,2,0
3.75,189,3,2,2,0
4.3,572,3,2,2,0
27.5,1116,3,3,3,0
2.28,265,2,1,1,1
4.3,606,3,2,2,0
5.4,371,3,2,3,0
2.5,320,3,2,1,1
2.852,535,4,2,2,0
3.65,349,2,1,2,0
4.449,471,4,2,2,0
3.55,707,3,1,1,0
5.2,962,2,1,1,1
2.4,594,4,2,2,0
3.7,840,2,2,1,1
4.42,612,3,2,1,0
4.33,562,4,2,2,0
6.525,3003,2,1,1,1
3.06,533,3,1,2,0
3.55,220,3,2,1,0
3.4,449,2,1,1,0
5.82,2320,2,2,1,1
9.8,246,5,1,3,0
4.51,459,3,1,1,0
4.2,399,3,2,2,0
5.33,464,4,2,2,0
5.12,955,2,1,1,1
6.61,669,3,2,1,0
3.4,1202,2,2,1,1
6.1,515,2,1,1,0
3.15,665,3,2,2,0
4,2451,2,1,1,1
20.1,795,4,2,2,0
4.16,2323,2,1,1,1
5.35,739,3,2,2,0
4.1,427,3,2,2,0
8.6,697,2,2,2,1
19.8,657,4,2,2,0
13.03,696,3,1,1,0
4.32,710,4,2,2,0
9.45,420,2,2,2,1
5.18,2578,2,1,1,0
2.8,774,2,1,1,0
4.43,400,4,2,2,0
5.5,598,3,2,1,0
22,750,3,2,2,0
5.6,1847,2,1,1,1
4.65,121,3,2,2,1
5.3,1969,2,2,1,1
16.52,783,3,1,1,0
8.15,536,2,1,1,0
2.9,808,2,1,1,1
5.4,474,3,1,1,0
2.45,118,2,1,1,1
3.2,312,3,2,2,0
3.55,1079,1,1,1,1
6.65,728,3,2,2,0
7.35,126,2,1,2,1
3.95,851,4,2,2,0
5.95,2647,2,2,1,1
2.9,1137,1,1,1,1
2.85,186,3,1,2,0
3.175,792,2,1,1,1
3.7,427,2,1,2,1
3.46,569,1,1,1,1
6.5,165,3,1,1,1
3.2,706,3,1,1,0
3.4,618,3,2,3,0
4.75,129,2,1,1,1
2.55,1654,2,1,0,1
3.45,822,3,2,4,0
4.21,333,3,2,1,1
4.6,567,3,1,2,0
3.55,1569,1,1,1,1
4.95,1001,4,2,2,0
20.75,557,4,2,3,0
3.45,1915,1,1,0,1
5.1,189,2,1,1,1
18.9,918,3,2,2,1
4.7,303,4,2,2,0
5.7,279,2,1,1,0
3.05,256,2,1,1,1
4.35,400,4,2,2,0
3.38,570,3,1,1,0
3.57,292,3,2,2,0
2.78,998,2,1,2,1
4.61,813,3,2,2,0
2.85,610,1,1,1,1
3.735,97,1,1,1,1
8.2,296,4,2,2,1
3.65,1492,1,1,1,1
2.8,450,3,1,2,0
15.8,663,4,2,1,0
4.44,172,2,1,1,1
8.425,142,2,1,1,1
10.6,590,2,1,1,0
2.1,512,4,2,2,0
3.5,650,3,2,2,0
3,300,2,1,1,0
4.5,350,3,2,2,0
3.15,871,3,1,2,0
3.9,283,4,2,2,0
11.6,603,3,2,1,0
10.7,697,3,3,2,0
3.6,595,4,2,4,0
3.95,320,3,2,1,0
14.5,227,3,2,2,0
3.85,1732,2,1,1,0
6.15,725,3,1,1,0
20.005,859,4,2,3,0
3.065,215,3,1,2,1
7.3,132,3,2,2,0
6.7,400,4,2,2,0
3.4,336,3,2,2,0
3.75,556,3,2,2,0
6.9,611,5,2,2,0
7.25,669,3,1,1,0
8.35,517,3,2,1,0
3.78,507,1,1,1,1
3.8,2311,1,1,1,1
3.65,560,3,2,2,0
6.64,194,2,1,2,1
2.78,170,2,1,1,1
4.6,121,2,1,1,1
23,490,4,2,2,0
6.85,998,2,1,1,1
4.25,536,4,2,2,0
3.88,841,2,1,4,0
21.15,401,3,2,2,0
4.97,487,4,2,2,0
3.8,219,4,2,1,0
4.7,778,3,1,4,0
2.04,139,3,2,1,1
3.08,420,3,2,2,0
5.1,133,2,1,1,1
6.1,498,5,2,2,0
4.57,512,3,2,2,0
3.5,832,1,1,1,1
3.59,748,1,1,1,1
7.65,701,4,2,2,0
4.5,524,5,3,2,1
3.85,414,1,1,1,1
4.15,528,3,2,2,0
11,764,4,3,2,0
3.155,256,3,1,1,0
3.935,476,4,2,2,0
25,1455,2,1,1,0
2.7,641,2,1,2,0
4.5,179,3,1,1,0
10.15,1915,2,3,2,1
5.45,534,3,1,2,0
3.85,433,4,2,2,0
3.805,575,1,1,0,1
3.2025,365,2,2,1,0
4.82,685,4,2,2,0
3.5,512,4,2,2,0
10.08888,234,1,1,2,1
5.24,847,3,1,1,1
4.4,387,3,1,1,1
2.725,179,2,1,1,0
4.455,525,3,2,2,0
9.73,914,4,3,2,0
3.82,741,3,1,2,0
4.79,716,3,1,1,0
2.136,103,1,1,1,1
6.37,708,4,2,2,0
3.6,2327,1,1,1,1
5.81,3003,2,2,1,1
2.93,656,3,2,2,0
3.5,1167,2,2,0,0
2.76,1386,2,1,2,1
4.00888,543,3,1,2,0
3.57,375,3,2,2,0
13.75,664,3,1,1,0
4.1,627,3,1,2,0
3.03999,596,3,2,4,0
4,646,3,1,2,0
3.75,697,3,2,2,0
8.3,502,3,1,2,0
2.55,586,3,1,1,0
3.33,2011,2,1,1,1
6.9,448,5,3,2,0
4.3,651,4,3,2,0
2.85,642,3,2,2,0
6.52,352,2,1,1,0
9.7,1922,2,2,1,1
5.3,640,4,3,2,0
3.15,400,3,2,2,0
3.4,678,3,1,0,0
11.25,709,4,2,2,0
4.8,1751,2,1,1,1
6,1397,2,2,1,1
8.25,519,4,2,2,0
4.15,709,3,2,2,0
6.23,780,3,1,1,1
6.558,753,2,2,2,1
15.5,934,3,2,1,0
13.1,668,3,1,2,0
15.3,2792,3,2,2,0
2.935,592,4,2,2,0
10.3,827,4,2,2,0
4.75,736,3,2,3,0
8.15,650,3,1,2,0
12,809,4,2,1,0
3.15,542,3,2,3,0
2.67,950,2,1,1,1
3.8,225,3,2,2,0
10.7,307,3,1,2,0
4.33,399,3,2,2,0
3.36,581,3,1,1,0
3.5,189,3,2,1,1
3.6,531,3,2,1,0
4.25,173,2,1,1,1
4.07,805,2,1,3,1
2.425,650,3,1,2,0
4.33,1104,2,1,2,1
18,674,5,3,1,0
6.3,668,3,2,2,1
4.55,877,2,1,1,1
3.555,456,3,2,2,0
3.35,134,2,2,1,0
2.45,735,2,1,3,0
4,223,3,2,1,0
5.2,752,5,3,2,0
5.33,2147,1,1,1,1
2.625,760,3,1,2,0
12.7,906,2,1,2,0
2.51,548,3,1,1,0
4.6,156,3,2,1,0
31,944,2,1,2,0
6.465,539,4,2,2,0
3.5,293,3,2,1,0
2.9,198,2,1,1,1
5.55,262,3,3,1,0
3.3,141,2,2,1,0
3,807,3,1,2,0
3.62,650,3,1,1,0
4.1,400,3,2,2,0
10.5,351,4,2,0,0
3.865,336,3,2,2,0
3.52,408,3,2,2,0
3.4,421,3,2,2,0
12.5,654,4,2,2,0
10.1025,534,4,2,2,0
5.2,527,4,2,2,0
2.7,252,3,1,1,1
9.3,694,2,2,1,1
3.95,650,3,2,2,0
4.325,73,3,2,2,1
3.325,285,2,1,2,1
2.6,614,3,1,2,0
3.25,570,4,1,2,0
5.35,883,2,1,1,1
6.5,535,3,2,1,0
4.21,697,2,1,1,0
3.75,1674,1,1,1,1
6.25,652,3,2,4,0
3.65,502,3,1,2,0
4.55,624,3,1,1,0
4.65,599,3,2,4,0
6.86,550,4,2,3,0
12.8,708,4,3,2,0
4.9,1295,2,1,1,1
4.1,424,4,2,2,0
2.96,191,2,1,1,1
2.85,278,2,2,1,0
9.28,2574,2,2,2,1
13.5,224,3,2,2,0
4.25,536,3,2,2,0
4.27,824,2,1,1,1
2,1000,2,1,1,1
4.2,448,4,2,2,0
13.5,478,3,2,2,1
5.5,195,3,2,2,0
3.3,682,3,1,2,0
6.35,137,3,2,2,0
3.7,392,3,2,2,0
6.82,465,3,1,1,0
4.55,380,4,2,1,0
2.55,563,3,2,2,0
3.78,232,3,2,2,0
5.7,602,2,3,1,1
3,520,3,1,1,0
3.8,490,3,2,2,0
3.65,646,3,2,2,0
17.15,697,4,2,2,0
2.8,492,2,1,1,0
3.61,531,3,2,4,0
27,985,4,3,2,0
3.15,713,4,2,1,0
2.2,1046,1,1,0,1
4.45,775,2,1,1,1
4.3,412,4,2,2,0
3.459,58,3,2,2,0
4.1,725,3,1,1,0
3.3,381,3,1,2,0
5.612,642,2,1,1,0
4.86,1547,2,1,1,1
6.9,551,6,3,2,0
3.05,865,3,1,2,0
5.158,249,2,1,1,1
3.9,805,1,1,1,1
2.8,255,2,1,1,1
14.21,263,4,2,1,0
23.22,966,4,2,2,0
3.3,580,3,1,0,0
4.9,1751,2,1,1,0
6,580,2,1,1,0
3.35,951,1,1,1,1
6.75,343,4,1,1,0
3.85,1658,2,1,2,1
5,572,4,2,2,0
8.3,501,2,1,2,0
3.35,811,2,2,2,1
32.25,919,4,3,2,0
2.97,314,3,1,1,0
2.9,680,2,2,2,0
4.2,534,3,1,1,0
4.76,710,3,1,1,0
5.51,260,2,2,2,0
4.3,480,4,2,2,0
4.925,616,4,3,2,0
4.85,549,3,2,2,0
8.55,193,3,1,2,0
3.135,983,1,1,1,1
5.3,581,4,2,2,0
3.9,135,3,2,1,0
2.7,1035,3,1,1,1
2,60,1,1,1,1
2.85,311,2,1,2,1
5.5,564,4,2,5,0
19.3,533,3,2,2,0
8.015,320,3,1,1,0
17.2,1207,3,3,2,1
10.5,479,3,1,1,0
6.17,260,3,1,2,1
4.85,494,2,1,1,1
3.4,541,3,2,2,0
4.35,503,4,2,2,0
4.2,1052,2,1,2,1
4.05,771,2,1,1,1
3.85,312,3,2,2,0
23,794,1,1,1,1
5.35,160,2,2,1,1
2.85,590,3,1,2,0
2.999,132,1,1,1,0
17.44,207,3,2,1,0
4.75,166,2,1,1,1
4.99,615,4,3,4,0
6.1,67,2,1,1,1
14.55,1049,5,4,4,0
42.2,1041,3,3,4,0
4.725,692,2,1,1,0
5.75,133,2,1,1,1
2.58,186,2,1,2,1
5.2,94,2,1,1,1
3.39,156,3,1,1,1
3.08,480,3,2,2,0
6.7,116,3,1,1,1
4.75,94,2,2,1,1
4.65,400,3,2,2,0
4.7,400,3,2,2,0
4.31,836,3,1,1,0
4.25,312,3,2,2,0
53.5,557,4,4,2,0
3.92,731,3,1,3,0
6.25,445,4,1,1,0
3.39,123,2,2,1,1
4.15,1011,3,2,4,0
4.45,438,4,2,2,0
3.69,213,3,2,2,0
3.02,1653,1,1,1,1
5.51,420,2,1,1,0
3.6,210,3,2,2,0
3.3,627,2,2,2,0
4.1,1041,1,1,1,1
3.75,2955,1,1,1,1
4.5,586,4,2,2,0
11,755,4,3,1,0
8,505,3,1,2,0
4.72,180,2,1,1,1
3.5,492,4,2,1,0
2.6,191,2,1,1,1
2.1,1020,2,1,1,1
7,242,3,1,2,0
4.95,1137,2,2,1,1
3.5,641,3,1,1,0
3.60002,658,6,3,2,0
4.5,607,3,1,1,0
3.42,612,3,2,2,0
6.2,115,2,1,1,1
4.45,562,3,1,1,0
19.55,498,3,2,2,0
7.7,553,3,2,2,0
5,356,4,3,2,0
4.8,182,2,1,1,1
4.43,623,4,2,1,0
5.8685,1282,2,1,1,1
7.25,548,2,1,2,0
5.6,634,4,2,3,0
3.32,450,3,2,2,0
3.6,203,2,2,1,0
3.77,143,2,1,1,1
4.11,420,4,2,2,0
4.02,500,3,1,2,0
7.2,385,3,1,1,0
5.33,1158,3,1,1,1
4.55,563,4,2,1,0
3.07,600,3,1,2,0
8.5,377,4,2,2,0
15.075,170,3,3,1,0
13.525,281,2,2,2,1
3.375,945,2,1,1,1
3.58,337,3,2,1,0
4.9,254,2,1,1,0
12.15,393,3,2,2,0
3.3,886,1,1,1,1
4.15,1969,1,1,1,1
4.4,400,4,2,2,0
9.5,702,4,3,2,0
3.45,710,3,1,2,0
3.175,702,3,2,2,0
8.3,568,3,1,1,0
4.2,448,4,2,2,0
26.7,3500,3,3,3,0
5.05,598,3,1,1,0
3.15,703,3,1,2,0
6.398,2274,1,1,1,1
7.01,156,2,1,1,1
3.3,627,3,1,2,0
2.33334,781,3,2,4,0
5.9,670,3,3,2,0
3.649,185,3,2,2,0
4.2,526,4,2,2,0
3.82,1079,3,1,2,0
3.125,184,2,1,1,1
3.5,58,1,1,1,1
2.85,379,3,2,2,0
6.5,397,3,1,1,0
6.55,310,5,3,3,0
2.8,163,2,1,1,0
6.3,175,2,1,1,1
5.5,851,3,2,2,0
2.425,483,1,1,1,1
3.12,719,3,1,3,0
15,359,4,3,2,1
7.88,768,4,3,2,0
4.23,536,3,1,1,0
4.5,509,4,2,2,0
3.95,632,3,2,2,0
10,764,2,1,2,0
3.5,405,4,2,2,0
2.677,1681,2,1,1,1
9.75,1207,3,2,2,1
4.7,528,4,2,2,0
2.88,313,3,1,1,0
7.12,543,2,1,2,0
5.31,256,3,2,2,1
5.98,360,3,1,2,0
3.2,480,3,2,2,0
4.95,770,5,3,2,0
4.67,499,4,2,2,0
2.7,574,3,1,2,0
3.7,144,3,2,2,0
3.26,398,4,2,2,0
4.27,400,3,2,2,0
5.3,587,4,2,1,0
10,310,4,2,4,0
4.375,604,3,1,1,0
7.45,279,4,2,2,0
8.625,581,2,1,1,0
13,124,3,1,1,0
12.5,819,3,1,1,0
3.9,623,3,2,1,0
3.9,530,3,2,2,0
3.51002,647,4,2,4,0
8.28,656,4,2,2,0
19.75,804,3,2,2,0
6.05,557,3,2,3,0
3,94,2,1,1,1
8.9,1137,2,2,2,1
4.28,441,2,1,1,1
2.95,181,2,2,1,1
8.06,490,2,1,1,0
4.52,555,3,1,1,0
6.5,437,3,1,1,0
2.58,88,2,1,1,1
4.15,375,4,2,2,0
5.925,181,3,2,2,0
2.3,568,3,1,1,0
3.3,465,3,2,2,0
4.3,545,4,2,2,0
9.6,466,4,2,1,0
7.53,534,3,2,2,0
9.5,907,2,1,2,1
3.59,390,4,2,2,0
5.825,101,3,2,2,1
2.20002,600,3,2,1,0
7.22,401,2,1,1,0
4.1,400,4,2,2,0
6.03,834,2,1,2,1
3.84,576,4,2,2,0
2.15,375,3,2,2,0
13.85,427,7,2,2,0
8.1,303,3,2,4,0
3.16,312,3,2,1,0
3.725,575,2,1,0,1
3.75,530,3,2,2,0
2.25,170,2,1,1,1
3.3,300,3,1,1,0
7.3,590,3,1,1,0
2.75,537,3,1,1,0
5.25,318,2,1,1,1
11.9,870,2,2,1,1
3.55,400,3,2,2,0
4.82,743,4,2,2,0
6.6,617,3,1,1,0
3.75,595,3,1,2,0
2.575,571,3,1,2,0
2.13,1209,2,1,1,1
4.42,1653,4,2,5,1
4.55,193,2,1,1,1
4.3,697,3,3,1,0
3.58,561,3,2,2,0
5.65,164,3,1,1,0
3.535,389,3,2,1,0
7.36,979,4,2,3,0
5.8,116,3,3,2,1
7.3,495,2,1,2,1
3.17,417,3,1,1,0
3.18,417,3,2,2,0
4.3,568,2,2,1,1
3.3,140,2,1,1,1
2.85,1442,1,1,0,1
15.64,1012,4,2,3,0
4,778,3,2,2,0
4.8,596,4,2,2,0
2.9,303,3,2,2,0
6.36,1826,2,2,1,1
3.65,179,3,1,2,1
11.4,428,3,1,1,0
3.85,499,3,2,2,0
13.5,348,3,1,2,0
3.3,548,3,2,2,0
3.07,244,2,1,1,0
14.6,1027,3,1,2,0
7.3,141,3,2,1,0
3.38,1363,1,1,1,1
5.74,582,2,1,1,1
2.5,951,2,1,1,1
3.32,568,3,2,2,0
2.78666,842,3,1,2,0
3.3125,194,2,1,1,1
5.325,3003,2,2,1,1
5.4,3003,2,1,1,1
2.975,2127,2,1,1,1
3.65,400,4,2,2,0
6.8,277,3,2,2,0
4.42,446,3,2,2,0
9.1,476,3,1,2,0
4.2,488,2,1,1,1
6.21227,220,2,1,1,0
4.53,448,4,2,2,0
3.6,1110,1,1,1,1
3.9,448,4,2,2,0
7.65,1011,4,2,2,0
4.25,511,4,2,2,0
2.65,620,3,1,2,0
3,565,4,2,3,0
3.4,668,3,1,2,0
7.35,662,4,2,2,0
29.5,1441,4,2,4,0
6.4,588,2,1,1,1
2.9,562,3,1,2,0
9.705,653,4,2,2,0
7,731,2,2,2,0
4.34,683,3,2,2,0
3.65,662,2,1,1,1
6.7,537,3,2,3,0
2.55,600,3,1,1,0
2.8,653,2,1,1,0
7.35,453,2,1,1,1
2.5,1782,1,1,1,1
9.2,661,4,2,2,0
3.13,217,2,1,1,1
3.19,1582,2,1,1,1
6,464,4,2,2,0
8.71,343,3,1,1,0
3.25,666,3,2,2,0
9.9,696,3,2,2,0
3.5,771,4,2,4,0
4.7,571,4,2,2,0
3.81,165,2,1,1,0
3.5,780,1,1,1,1
8.5,1219,3,2,2,1
2.8,186,4,1,1,1
19.45,864,4,2,2,0
2.85,638,3,1,2,0
3.67,704,4,2,2,0
3.75,312,3,2,1,0
3.2,406,3,1,1,0
3.455,602,3,2,2,0
6.85,536,5,2,2,0
6.36,710,4,2,4,0
13.25,351,3,2,1,0
4.95,551,4,2,2,0
2.625,216,2,1,1,1
8.885,499,3,1,2,0
4.08,399,4,2,2,0
3.75,632,4,2,2,0
8.895,618,3,2,5,0
14.625,654,4,3,2,0
5.1,591,5,2,1,0
3.455,586,3,1,2,0
3.45,272,3,1,1,1
3.55,402,4,2,2,0
2.9,162,3,2,2,1
7.57,676,4,2,2,0
4.07,293,3,1,1,0
12.51,171,2,1,1,0
2.3,187,2,2,2,0
5.65,1000,4,2,2,0
5.12,175,2,1,1,0
5.85,448,4,2,2,0
3.5,133,3,2,2,0
9.6,859,3,1,1,0
4.1,476,3,2,2,0
6.1,585,4,2,2,0
2.4,580,3,2,4,0
5,527,3,2,1,0
3.3,586,3,2,2,0
5.46,1034,3,1,2,1
3.55,220,3,2,1,0
3.05,151,2,1,2,0
3.225,366,3,2,2,0
3.005,450,3,2,2,0
5.85,136,2,1,1,0
4.75,3038,2,1,1,1
7.7,747,4,2,2,0
6.02,557,3,1,3,0
3.5,531,2,1,1,0
8.5,670,4,2,2,0
3.7995,328,4,2,2,0
2.7,360,2,1,1,0
4.49,2896,1,1,1,1
6.16,576,4,2,2,0
5.55,2896,2,2,1,1
4.02,312,3,2,1,0
2.76,668,3,1,2,0
5.85,431,4,2,2,0
4.101,457,4,2,2,0
3.50501,450,4,2,2,0
6.49,375,3,1,1,0
4.65,989,2,1,1,1
3.95,297,3,2,2,0
3.7,2323,1,1,1,1
4.2,400,3,2,2,0
11.9,1022,3,1,2,1
4.1,433,4,2,2,0
2.75,703,2,1,2,1
9.8,240,3,1,1,0
3.15,92,2,1,1,1
2.85,229,3,2,2,0
3.8,2254,2,1,1,1
7.95,732,4,2,1,0
12.71,477,1,1,1,0
4.5,381,2,2,2,0
2.44,312,2,1,1,0
4.15,350,4,2,2,0
3.35,826,3,1,1,0
7.51,863,3,2,2,0
4.2,650,3,2,2,0
3.799,401,3,2,2,0
5.1,478,2,1,2,0
5.35,604,3,1,1,0
2.64,590,3,1,3,0
4.55,238,3,1,2,1
10.9988,754,4,2,4,0
3.3,332,3,1,1,0
2.5,252,2,1,1,1
4.45,2343,2,2,1,1
4.05,450,3,2,2,0
4.16,544,4,2,2,0
4.1,541,4,2,2,0
9.265,569,3,1,1,0
7.7,603,5,2,2,0
22.95,525,4,2,2,0
4.25,448,4,2,2,0
2.75,315,3,2,1,0
2.75,648,3,1,1,0
3.8,697,3,1,6,0
5.2,280,2,1,1,1
3,1266,2,2,1,1
5.315,145,3,1,1,1
3.76,1073,2,1,1,1
4.15,482,4,2,2,0
6.25,880,2,1,1,1
4.2,932,3,2,2,0
3,598,3,1,2,0
5.8,139,2,1,1,0
13.75,585,4,2,2,0
2.0625,900,2,1,1,1
4.5,142,3,1,1,1
3.75,480,3,2,2,0
10.4,299,3,2,2,0
4,573,3,1,4,0
7.39,899,3,1,4,0
4.5,583,4,2,2,0
6.74,408,3,1,1,0
4.9,721,4,2,2,0
2.85,534,3,1,1,0
6.15,657,4,2,2,0
7.12,3003,2,1,1,1
3.6,272,3,2,1,0
3.53,237,3,2,2,0
3.98,450,4,2,2,0
5.2,1463,2,2,1,1
4.425,700,3,3,9,0
4.99,1007,2,2,1,1
3.53,174,3,2,2,0
3.89,579,3,2,2,0
3.65,247,3,2,4,0
3.3,537,4,3,2,0
2.99,142,2,1,1,1
4.69,744,3,2,2,0
7.1,1524,1,1,1,0
4.3,528,2,1,2,0
2.7,530,3,1,1,0
2.09793,661,3,1,1,0
4.85,838,3,2,2,0
3.325,665,3,2,2,0
3.35,912,2,1,1,1
6.55,512,4,2,2,0
7.25,483,2,1,1,0
8.78,1969,3,2,3,1
3.31,2196,1,1,1,0
4.3,590,3,1,2,0
6.3,1352,3,2,2,1
5.06,277,2,1,1,0
4.1625,675,3,2,2,0
3.1,265,3,2,1,1
2.37,570,3,1,2,0
4.6,650,3,1,1,0
6.45,236,2,2,2,0
2.63,607,3,1,2,0
4.77,642,3,2,2,0
7.9,557,3,1,2,0
8,718,2,1,1,1
19.5,351,3,2,2,0
2.8,293,2,2,1,1
3.7,520,4,2,2,0
4.4,312,2,1,2,1
5.9,1033,4,1,1,0
5.34,1111,1,1,1,1
5.79,264,3,2,2,0
5.8,2114,2,2,2,1
5.6,153,2,2,0,0
18,615,3,2,2,0
7.5,734,2,1,1,0
6,305,2,1,1,1
5.35,400,4,3,2,0
7.8,348,4,2,3,0
3.12,1922,1,1,0,0
5.42,577,3,2,2,0
3.43,1939,1,1,1,1
17,530,4,2,2,0
4.15,449,3,2,2,0
5.8,538,4,2,2,0
10.9,574,3,1,2,0
3.25,698,3,1,2,0
9.45,324,4,3,2,0
3.255,338,3,2,1,0
13.85,619,3,2,1,0
3.675,391,4,2,2,0
5.9,604,2,2,2,0
3.9,524,3,2,2,0
52.8,984,4,2,2,0
3.64,635,3,1,2,0
3.78,312,3,2,1,0
3.4,592,3,1,2,0
3.9,2707,1,1,1,1
2.83,534,3,1,2,0
15.2,374,3,3,2,0
2.73,641,3,1,2,0
4.375,989,1,1,1,1
9.91,720,3,2,1,0
5.9,575,3,1,1,0
2.28,1265,2,1,1,1
6.31875,95,1,1,1,0
13.975,3208,3,3,1,0
2.95,586,3,1,2,0
2.775,187,2,1,1,1
6.225,641,3,1,1,0
5.62,274,3,2,2,1
5.25,831,5,2,6,0
2.75,113,2,1,1,1
3.5,811,2,1,1,1
2.9,179,2,1,1,0
2.91,349,3,1,2,1
6.2,950,3,1,1,1
30.01,981,4,3,2,0
3.48,611,3,2,2,0
6.865,654,4,2,2,0
2.4,269,2,1,1,1
2.95,340,3,1,1,1
3.4398,1072,2,1,1,1
5.96,513,2,1,1,0
3.399,64,2,1,1,1
6.11,428,3,2,4,0
3.8,207,3,2,2,1
4.55,314,3,1,2,0
4.97,635,4,2,2,0
14.1,584,3,2,2,1
5.98,870,2,2,1,1
3.35,389,3,1,1,0
11.55,276,1,2,1,0
4.2,595,3,2,2,0
14.4,478,2,2,2,0
4.2,685,1,1,1,1
13,1670,3,2,2,1
23.5,3043,3,3,2,1
2.95,313,3,1,1,0
7.37,697,3,1,1,0
3.5,529,4,2,3,0
3.4,892,3,1,2,0
5.95,204,4,3,2,0
3,537,2,1,2,0
7.2,1006,4,2,3,0
2.6,391,3,2,2,0
2.8,131,2,1,1,1
7.85,843,4,2,2,0
6.15,603,3,1,1,0
3.6,539,3,2,1,0
3.07,2107,2,1,1,1
3.549,293,3,2,2,0
7,1570,2,2,1,1
4.45,870,2,1,1,1
3.575,660,3,2,3,0
6,575,4,2,2,0
3.275,560,3,1,2,0
12.9,345,3,2,1,0
3.25,134,2,1,1,1
4.1,585,3,1,0,0
3.5,455,3,2,2,0
6.2,181,2,1,1,0
4.3,399,4,2,2,0
5,1653,2,1,5,1
4.77,707,3,1,2,0
3.63,518,4,2,4,0
5.65,156,2,2,1,1
18.11,659,5,3,2,0
13.635,2846,2,2,2,1
3.76,534,3,2,2,0
3.125,223,3,2,1,0
3.312,440,3,1,2,0
4.57,222,3,1,1,0
7.09,2896,2,1,1,1
5.05,867,5,2,2,0
3.25,541,1,1,1,1
6.16,197,2,2,2,1
7.65,2127,2,1,1,1
21.05,556,5,1,4,0
5.23,177,2,2,3,1
3.84,1475,2,1,1,1
5.6,270,3,1,2,1
12.35,397,4,1,1,0
3.55,341,3,1,1,0
8.15,670,4,2,2,0
8.35,300,4,3,2,0
3.5,277,4,2,2,0
3.235,265,2,2,1,1
5.2,706,4,2,2,0
4.1,585,3,2,4,0
3.55,456,2,1,1,0
2.4,580,3,1,1,0
3.55,659,3,1,1,0
4.35,561,4,2,2,0
2.43,747,1,1,1,1
4.55,512,4,2,2,0
29.25,795,4,3,2,0
24,562,2,1,1,0
4.75,707,4,2,2,0
3.57,788,2,1,1,1
12.56,1336,3,3,2,0
3.85,528,4,2,2,0
5.95,832,2,2,1,1
10.25,729,3,3,2,0
3.85,378,2,1,1,1
4.45,786,3,1,2,0
5.975,210,3,2,2,1
3.61,737,3,2,2,0
2.95,319,4,2,2,0
3.05,142,2,2,2,1
3.4,180,3,2,2,0
3.6995,189,3,2,2,1
5.2,1228,3,1,1,1
3,414,3,1,2,0
5.2,2023,2,1,1,1
3.25,544,3,1,2,0
8.25,298,2,2,2,1
4,827,1,1,1,1
6.9,640,4,2,2,0
3.25,700,1,1,1,0
6.51,606,2,2,4,0
9.75,694,2,2,1,1
4.56,1594,3,1,1,1
4.675,1423,1,1,1,1
3.88888,537,4,2,2,0
3.5,312,3,1,1,0
2.81,236,2,1,1,1
3.18,1012,3,1,2,0
7.35,151,2,2,2,0
2.399,68,2,1,1,1
2.85,107,2,1,1,1
14.2,188,3,2,2,0
3.8,605,3,2,3,0
3.1,312,3,2,1,0
7.8,564,3,2,3,0
6.7233,1218,2,1,1,1
6,581,3,1,5,0
3.68,449,3,2,2,0
3.83,664,3,1,1,0
3.35,1188,2,1,1,1
3.359,116,2,2,1,0
3.78,2323,1,1,1,1
3.15,183,2,1,1,1
5.8,647,3,1,2,0
8.33,694,3,1,1,0
3.495,375,3,2,2,0
2.7,127,2,1,2,1
3.625,400,3,2,2,0
2.25,219,2,1,1,1
3.75,338,3,2,1,0
3.3,280,3,2,1,1
8.65,613,4,2,2,0
4.7,866,3,2,2,0
5.175,346,3,2,2,1
6.2,1397,2,2,1,1
4.02,439,3,2,2,0
9.94,1066,4,2,3,0
12.95,899,4,2,2,0
4.12,823,2,1,1,1
4.73,1781,2,2,2,0
3.62,345,3,2,2,0
3.9,555,3,2,2,0
5.4,2065,2,2,1,1
4.7,806,6,2,2,0
3.02,373,3,1,1,1
3.77,555,3,2,2,0
2.75,221,3,2,2,1
3.15,613,4,2,1,0
3.3,326,2,1,2,1
2.55,239,2,1,1,1
3.2,349,3,2,2,0
13.8,609,4,3,2,0
13.74,702,3,3,2,0
3.9,514,3,2,1,0
2.37,586,3,1,1,0
12.9,490,5,2,1,0
3.8,2825,1,1,1,1
3.07,560,1,1,1,1
3.45,214,3,2,1,1
2.75,336,3,1,1,0
4.25,697,4,2,7,0
5.505,534,3,1,2,0
3.5,496,5,2,1,0
3.25,192,3,2,1,1
3.55,781,3,1,2,0
3.349,167,3,2,2,0
12.15,961,4,1,1,1
8.25,557,3,1,1,0
3.2225,1531,2,1,1,1
3.1,534,3,2,2,0
8.91,705,2,1,4,0
6.4,530,3,1,1,0
3.299,150,2,1,1,0
13.5,449,3,2,2,0
13.9,183,3,2,2,0
2.75,2515,3,1,1,1
3.22,150,2,1,1,1
3.17,734,3,1,1,0
5.05,867,5,2,2,0
3.95,307,3,1,2,0
5.3,718,1,1,1,1
4.9,841,4,2,2,0
7.28,228,3,2,2,1
4.1205,476,4,2,2,0
28,3043,3,3,2,1
10,215,2,1,1,1
8.15,669,3,1,1,0
10.1,214,3,1,0,1
4.3,1958,2,2,1,1
3.89,1786,2,1,1,1
2.75,978,1,1,1,1
3.27,375,3,2,2,0
2.9,120,2,1,1,1
4.95,540,3,2,2,0
4.17,3295,2,1,1,1
5.71,582,4,2,2,0
4.85,273,2,1,1,1
4.315,550,3,1,2,0
5.955,65,2,2,1,1
4.65,989,2,1,1,1
4.55,606,3,2,2,0
5.3,770,4,2,2,0
8.6,729,4,2,2,0
8.04,442,3,1,1,0
6.35,290,3,1,2,1
4.55,1226,2,1,1,1
21.01,1256,4,2,1,0
3.615,363,3,2,1,0
8.5,645,4,2,3,0
4.3,1511,2,2,1,0
3.25,512,3,2,1,0
2.5,357,3,1,1,0
4.1,567,3,2,2,0
4.08,2309,1,1,1,1
3.525,592,3,1,2,0
14.6,335,3,3,2,1
6.355,167,3,2,2,1
4.65,827,4,2,2,0
7.3,2107,2,1,1,1
5.95,792,4,2,3,0
6.45888,677,4,2,2,0
3.15,218,3,2,2,1
2.9,573,3,2,2,0
3.35,599,3,2,3,0
5.6,500,4,2,2,0
3.83333,106,4,2,1,0
4.14,883,3,1,1,1
5.1,628,2,1,1,0
6,2238,2,2,1,1
2.85,585,3,1,1,0
4,508,2,2,1,0
18.5,663,2,2,2,0
3.26,212,2,1,1,1
4.8,572,3,1,1,0
4.7,416,3,2,2,0
3.69,82,3,1,1,0
7.25,245,3,1,1,1
7.75,197,4,2,2,1
5.6,131,2,1,2,0
2.15,570,3,1,1,0
3.65,262,4,2,2,0
2.35,660,3,1,2,0
4.3,728,3,1,1,1
4.46,577,5,2,2,0
3.9,448,4,2,2,0
8,409,4,1,2,0
2.48,297,3,1,2,0
5.55,527,4,2,2,0
3.2,330,3,2,1,0
4.85,648,4,1,1,1
8.2,460,3,3,2,0
4.3,375,3,2,2,0
4.5,2345,2,1,1,1
3.9,614,3,2,1,0
5.9,307,2,2,2,0
5.65,429,2,1,1,0
7.7,836,3,1,3,0
3.125,340,3,2,2,0
5.95,564,2,2,1,0
4.9,697,3,1,1,0
4.95,694,4,2,2,0
3.8,320,3,2,2,0
2.37,590,3,1,2,0
2.5,577,3,1,2,0
3.8,85,2,1,1,1
4.5,1042,2,1,1,1
6.28,1386,2,2,0,1
2.9,900,3,2,1,0
2.9,286,3,1,1,1
5.45,720,4,2,2,0
4.855,742,3,1,1,0
7.01,716,3,2,2,0
9.1,165,3,2,1,1
46,1228,3,3,2,0
2.87,182,2,1,1,1
3.425,158,2,2,1,0
4.16,544,3,2,2,0
3.98,864,2,1,1,1
38.4,861,5,4,4,0
4.8,95,3,2,2,0
8.2,200,3,2,1,0
2.445,59,1,1,1,1
5.025,2392,2,2,1,1
3.025,624,3,1,3,0
5.93,239,3,2,2,1
3.52,488,3,2,4,0
9,815,2,1,1,0
4.375,1212,2,1,1,1
5.32,578,5,2,2,0
7.42,354,2,2,2,1
5.705,495,3,1,1,0
2.7,3430,2,1,1,1
2.87,2480,2,1,1,1
7.18,244,2,1,1,0
8.175,581,3,1,2,0
2.87,451,3,2,2,0
7.1,2238,2,2,1,1
4.2,587,4,2,2,0
3.2,104,2,1,1,1
4.92,877,2,1,1,1
2.7,650,3,1,1,0
2.4,219,2,1,1,1
4.2,648,3,2,3,0
11.7,448,2,2,3,1
7.425,653,4,2,2,0
9.1,363,2,2,2,1
4,570,4,2,2,0
5.25,1397,3,2,4,0
5,762,4,2,2,0
5.75,1247,3,1,1,0
3.1,171,3,1,1,0
4.7,299,3,1,1,0
6.2,468,2,1,2,0
3.8,375,3,2,2,0
5.5,524,3,1,1,0
3.95,376,3,2,3,0
5.35,702,2,1,1,1
4.13,805,2,1,1,1
6.3,2711,2,1,1,1
17.6,806,3,1,1,0
7.3,739,3,2,2,0
3.4,158,2,2,1,1
3.3,134,3,2,1,1
2.05,399,4,2,2,0
4.375,3003,1,1,0,1
6.055,3003,2,1,1,1
9.01,345,3,2,1,0
4.68,658,3,3,3,0
6.74,141,2,1,1,0
3.76,502,4,2,2,0
2.535,580,3,2,1,0
3.069,237,3,2,1,0
3.88,535,3,2,2,0
3.68,580,3,2,2,0
4.20002,2323,2,1,1,1
2.725,122,2,2,1,0
4.195,569,4,2,1,0
4.41,546,3,2,4,0
6.95,515,4,1,1,0
3,370,3,2,2,1
4.695,2038,2,1,2,1
2.15,348,2,1,1,1
5.65,1410,2,1,2,1
2.3175,2107,2,1,1,1
7.82,229,3,2,2,0
6.85,2094,2,2,1,1
2.95,144,2,1,1,1
3.6,657,3,2,1,0
9,750,2,2,2,1
6.9,600,2,1,2,0
8.15,470,3,1,2,0
3.075,324,4,2,2,1
8,1012,2,2,1,1
13.88888,652,3,2,1,0
2.1,593,4,2,2,0
6.48,250,3,2,2,0
6.75,566,5,1,2,0
6.81,767,3,1,1,0
12.675,621,4,3,3,0
4.65,3372,1,1,1,1
3.7,666,3,2,2,0
14.25,449,4,2,1,0
16.4,640,4,3,2,0
7.6,255,2,1,2,0
3.20001,731,3,1,2,0
39,858,4,2,2,0
6.3,478,2,1,1,0
3.705,575,2,1,0,1
4.28,448,4,2,1,0
3.375,73,2,1,1,1
3.77,212,3,2,2,0
3.6,564,3,1,1,0
9.13,245,2,1,1,0
11,343,4,1,2,0
4.2,642,3,2,2,0
6.15,474,3,1,1,0
5.16,3003,2,2,1,1
4.45,806,4,2,2,0
2.325,561,3,1,1,0
2.83,584,3,1,1,0
7.34,870,3,2,1,1
5.72,791,3,1,2,0
11,727,3,2,2,0
10.3,1626,3,2,2,1
2.8715,566,3,1,1,0
7.4,532,4,2,2,0
7.71,258,3,2,3,0
6.75,540,3,2,1,0
2.45,1202,2,2,1,1
2.9,305,3,1,1,0
8.35,170,2,2,1,0
4.35,591,4,2,1,0
3.93,350,4,2,2,0
4.47,613,2,1,1,1
4.9,1937,2,2,1,1
16.2,716,3,3,2,0
3.375,336,4,2,2,0
6,559,4,2,2,0
2.33,450,3,1,1,0
3.73,459,4,2,2,0
10.1,879,4,1,2,0
11.61,462,4,2,3,0
13.9,686,4,2,2,0
6,801,4,3,3,0
3.3,640,2,1,1,1
14.35,383,3,2,2,0
9.9,728,3,1,1,0
3.59,462,4,2,2,0
8.2,610,3,1,3,0
3.515,456,3,2,2,0
6,164,3,2,2,0
4.47,1080,1,1,1,1
3.292,550,3,1,2,0
5.1,1035,3,1,2,0
3.8,640,3,1,2,0
6.5,2012,2,1,0,1
5.52,354,2,1,1,1
5,567,4,3,2,0
4.07,862,2,1,1,1
6.5,170,3,1,2,1
7.65,280,2,1,1,0
10.11,601,3,2,1,0
11,1529,2,1,2,1
15.8,697,3,3,5,0
3.95002,512,4,2,2,0
5.8,311,3,2,2,0
6.25,139,3,2,1,0
7.2,894,4,1,1,0
4.05,414,4,2,2,0
12.66,278,3,1,2,1
5.375,470,3,2,1,0
3.56,609,3,1,5,0
5.25,790,3,2,2,0
5.4,581,3,2,1,1
3.8,1229,2,1,1,1
4.47,779,1,1,1,1
3.97,257,2,1,2,0
8,305,4,2,2,0
3.1,630,4,2,2,0
5.825,700,3,1,1,0
8.1,295,3,1,2,0
5.22,292,3,2,1,1
3.75,400,4,2,2,0
3.65,434,3,2,2,0
4.15,350,4,2,0,0
9.3,480,4,2,1,0
4.2,377,3,2,2,0
3.60825,294,3,2,1,0
5.22,758,3,1,2,1
3.75,255,3,2,2,0
5.3,151,3,2,1,1
6.11,553,3,1,2,0
5.2025,583,4,2,2,0
3.25,320,3,1,1,0
10.9,723,4,2,2,0
2.925,660,2,1,1,1
6.5,239,3,2,2,1
4.45,421,4,2,2,0
2.25,1471,2,1,1,1
3.8,1290,2,1,1,1
3.15,590,3,1,2,0
8.15,1282,1,2,1,1
5.3,413,2,1,1,0
5.6,166,2,2,1,0
9.45,568,4,1,2,0
21,533,3,2,2,0
4.45,1282,2,1,1,1
5.7,446,2,1,1,0
5.3,588,2,1,1,1
7.4,229,3,2,2,1
3.521,1796,2,1,1,1
3.725,2031,2,1,1,1
3.72,1054,2,1,2,0
4.86,1285,2,1,1,1
5.6,1947,2,2,1,1
4.9,776,1,1,1,1
5.08,667,3,2,2,0
3.3,315,3,2,1,0
3.7,400,3,2,2,0
2.9,239,3,2,2,1
4.16,617,2,1,1,0
5,274,2,1,1,0
3.9,468,4,2,2,0
4.05,350,3,2,2,0
11.7,1670,3,2,1,1
4.5,666,3,1,1,0
3.35,665,2,2,2,0
2.45,703,2,1,1,1
5.85,332,3,3,1,1
5.8,725,4,2,2,0
3.3,450,3,2,2,0
6.4,614,3,1,2,0
4.25,496,3,2,2,0
3,93,2,2,1,1
2.05,993,1,1,1,1
3.45,80,2,1,1,1
4.31,560,3,2,2,0
2.03,1003,1,1,1,1
3.6,450,3,2,2,0
4.85,669,3,1,1,0
4.5,132,2,3,1,0
8.4,484,5,3,2,0
2.575,1265,2,1,1,1
3.6165,667,3,2,2,0
4.18,546,3,1,1,0
4.5,399,2,2,1,1
6.37,935,4,2,2,0
3.9,490,3,2,2,0
3.67,447,4,2,2,0
3.11,546,3,1,2,0
7.15,512,4,2,2,0
32,1029,3,4,2,0
3.975,312,3,2,2,0
4.46,448,3,2,2,0
4.9248,786,2,1,1,1
6,291,2,2,1,0
3.2,293,3,2,1,0
3.32,683,3,1,2,0
6.21,2512,2,1,1,0
5.1,705,3,1,1,0
4.5,2087,3,1,1,1
3.45,1653,4,2,5,1
11,933,3,3,1,1
4.95,655,3,1,2,0
6,241,3,1,1,0
7,797,3,1,1,0
3.58,355,4,2,2,0
3.4,197,3,1,1,1
3.4,734,4,2,2,0
2.66,173,2,1,1,1
4.479,349,4,2,2,0
3.86,399,3,2,2,0
6.5,420,2,1,1,0
16,151,2,2,2,0
5.85,605,3,2,2,0
6.45,53,2,1,1,1
2.55,3066,2,1,1,1
6.43,2238,2,1,1,1
5.2,824,2,1,1,1
19.26,613,3,3,2,0
10.5,653,3,1,2,0
3.775,566,3,2,2,0
2.75,264,3,2,1,0
18.25,670,3,2,2,0
2.04,497,1,1,1,1
3.2,179,3,1,1,1
4.8,685,4,2,2,0
4.2,524,3,2,2,0
3.1,568,2,1,1,1
4.02,937,4,2,1,0
5.5,504,4,3,2,0
3,461,1,1,1,1
5.5,314,2,1,2,0
9.9,680,3,1,3,0
8,598,4,2,3,0
4.15,653,4,2,2,0
2.83,692,3,2,2,0
5.5,3133,2,1,1,1
2.85,662,4,1,2,0
7.825,569,3,1,2,0
4.1,448,3,2,2,0
3.35,612,3,1,2,0
3.03,358,3,2,2,0
3.2,353,3,2,1,0
2.55,266,2,1,1,0
37.61,710,4,2,2,0
3.299,158,3,2,1,1
5.05,601,3,2,1,0
6,224,2,1,1,0
11.91,140,2,1,1,0
3.25,617,4,2,2,0
8.9,533,3,2,2,0
3.15,232,3,2,1,0
6.1,62,2,1,1,1
3.15,500,4,2,2,0
4.25,512,4,2,2,0
3.25,788,3,1,2,0
3.7,226,3,1,2,1
4.11,530,3,1,3,0
5.4,702,4,2,4,0
4.1,2345,1,1,1,1
6,765,4,2,2,0
5.9,238,3,2,2,0
8.45,821,3,1,1,0
7.9,2343,2,2,1,1
3.3,537,3,1,1,0
3.92,836,2,1,1,1
2.35,551,3,1,1,0
3.3,272,3,2,1,0
7.625,272,3,2,2,0
12.75,2517,2,2,1,1
3.4,650,3,2,1,0
5.97,1947,2,2,1,1
11.915,1106,3,2,2,0
4.11,836,3,1,2,1
4.75,660,3,1,1,0
3.73,604,3,2,2,0
4.65,400,3,2,1,0
7.35,2517,2,2,1,1
9.5,1000,3,3,4,0
2.9,1515,1,1,1,1
3.901,579,3,2,6,0
3.45,684,3,2,2,0
4.57,1653,1,1,1,1
5.6,737,3,1,1,0
7.68,169,4,2,2,0
5.45,600,3,2,2,0
3.2,362,3,2,2,0
4.35,510,4,2,2,0
2.81,378,3,1,1,0
6.705,912,3,1,2,0
3.78,157,2,1,1,1
3.8,1011,2,2,1,0
8.37,170,3,1,2,1
5.4,495,4,2,2,0
7.6,2777,2,2,2,1
12.25,2043,3,3,1,1
3.3,550,1,1,1,1
2.7,1886,2,1,1,1
2.4,523,3,1,2,1
4.85,596,3,2,2,0
8.325,829,2,1,1,1
7.64,650,2,2,2,0
3.535,421,4,2,2,0
7,657,4,3,2,0
7.6,229,2,1,2,0
3.1,2560,3,1,1,1
10,774,2,2,1,0
3.89,544,3,2,2,0
70,2762,4,3,3,0
4.75,575,3,2,2,0
5,1947,2,2,1,1
6.25,594,3,2,3,0
4.46,601,3,2,2,0
4.15,709,3,1,1,0
4.05,150,3,1,2,1
6.795,355,3,1,2,0
2.19,148,3,1,1,1
2.95,540,3,1,2,0
29.75,420,3,2,2,0
33,654,4,2,2,0
3.85,608,4,2,2,0
3.8,375,4,2,2,0
3.05,447,3,1,1,0
3.95,391,3,2,1,0
4.5,512,3,2,2,0
7.05,672,4,3,2,0
6.3,2274,1,1,1,1
3.85,616,5,2,2,0
11,265,4,2,2,0
3.72,458,4,2,2,0
7.125,377,3,1,2,0
3.35,534,2,1,1,0
15.5,663,3,1,2,0
2.003,1050,1,1,0,1
17.3,500,3,2,6,1
5.165,581,4,2,2,0
4.5,645,3,2,2,0
4.5,2230,2,1,1,1
7.025,1214,2,1,1,1
7.5,145,3,1,1,0
3.38,504,4,2,4,0
3.8655,1212,2,1,1,1
8,227,3,2,2,1
4.04,872,1,1,0,0
4.36,380,2,1,2,0
3.31,312,3,2,2,0
3.42,702,4,2,2,0
6.75,501,3,1,1,0
16.5,920,4,2,3,0
6.5,2192,3,1,1,1
2.75,909,3,1,1,0
7.97,2896,2,2,2,1
3.95,580,4,2,2,0
5.42,962,2,1,1,1
8.9,411,2,1,1,0
8.1,553,3,2,2,0
6.4,109,2,2,2,1
5,549,2,1,1,0
4.62,528,4,2,2,0
6.3,690,5,2,1,0
3.5,313,3,2,2,0
12.5,354,3,2,1,0
3,167,2,1,1,0
4.55,560,4,2,2,0
3.3,532,3,1,2,0
3.6,119,2,2,2,1
6.55,199,3,2,3,0
6.4,582,4,2,2,0
4.19,312,4,2,2,0
10,2517,2,2,1,1
3.24,144,3,2,1,0
7.5,158,4,2,1,1
18.1,768,4,2,4,0
4.2,509,4,2,2,0
3.2,1397,2,2,1,0
9.82,520,2,2,2,0
3.6,599,3,1,3,0
19.05,1040,3,1,2,0
2.6,126,3,1,1,1
8.53,854,4,3,2,0
9.25,335,3,1,2,0
4.7,712,2,1,1,1
2.95,707,2,1,1,1
7.21,750,4,1,1,0
3.5,552,3,2,1,0
3.79,448,4,2,2,0
3.85,131,2,1,1,0
10.94,613,4,1,2,0
4.1,1083,3,1,2,0
4.825,672,3,2,2,0
5.32,2454,1,1,1,1
5,1237,2,1,1,1
9.28,1254,3,1,2,0
26.9,957,3,3,2,0
3.27502,140,3,2,2,0
3.1,198,2,1,1,1
6.1635,203,3,2,0,0
4.6,250,2,1,1,1
3.61,787,3,2,2,0
3.685,575,3,1,0,1
7.45,521,3,1,1,0
4.825,400,3,2,3,0
5.5,567,3,1,1,0
5.45,203,4,2,2,0
3.07,400,3,2,2,0
3.82,313,2,2,1,0
7.5,2316,3,2,1,1
3.2,549,3,1,3,0
3.55,1835,2,2,1,1
5,550,3,1,2,0
12.32,609,3,1,2,0
5.73,743,2,2,1,1
5.16,2027,3,1,2,0
4.8,1124,2,1,1,1
3.2,309,3,2,2,0
5.16,576,4,2,2,0
2.92,343,3,1,2,0
6,442,2,1,1,0
3.42,385,3,1,1,0
2.95,126,2,1,1,1
5.3,556,3,2,1,0
6.75,654,4,2,1,0
3.35,526,3,1,2,0
3.8,2311,1,1,1,1
5.425,1900,3,1,2,0
5.15,3482,2,1,1,1
5.95,491,3,1,2,0
3.4755,415,3,2,1,0
3.01,191,3,1,2,1
2.27,1860,2,1,1,1
10.5,274,3,2,1,0
7,836,3,1,1,0
5.7,850,3,1,1,0
7.42,766,2,2,1,1
5.18,604,5,2,2,0
2.8,2177,2,1,1,1
3.255,514,3,1,2,0
16,533,4,2,3,0
10.5,2517,2,2,1,0
6.62283,229,3,1,1,1
6.2,654,3,1,2,0
6.71,693,3,1,2,0
2.9,603,4,3,2,0
4.6,884,4,2,2,0
2.85,786,3,1,2,0
6.25,383,3,1,1,0
3.55,315,3,2,2,0
3.45,527,3,1,4,0
20.5,944,2,1,2,0
5.75,122,3,2,2,1
4.1,1827,2,1,0,1
3.34,504,3,1,2,0
3.75,517,3,2,2,0
4.4,870,2,1,1,1
7.05,537,4,2,2,0
3.33,310,3,2,2,0
6.47,427,3,2,4,0
5.35,2065,2,1,1,1
6.35,800,4,2,2,0
3.05,658,2,1,2,0
9.15,182,3,1,1,0
3.01,341,3,2,2,0
3.65,400,3,2,2,0
4.92,2785,1,1,1,1
2.03,100,3,1,1,1
2.3,640,1,1,1,1
4.67,141,2,1,0,1
13.7,676,4,2,2,0
5.3,829,4,2,2,0
9.23,217,3,1,1,0
5.248,855,3,1,1,0
11.1,389,2,1,2,0
2.79,583,3,1,1,0
15.95,802,3,1,2,0
3.86,600,3,2,1,0
4.412,448,3,2,2,0
6.5,587,2,1,1,0
4.6,498,3,2,2,0
5.35,399,4,2,2,0
3.6,1033,3,1,1,1
3.05,380,3,2,2,0
8.66,535,3,3,3,0
3.2,2062,1,1,1,1
2.15,513,3,2,0,0
5.97,2896,2,2,1,1
3.45,294,4,2,1,0
2.69,92,2,1,1,1
3.45,362,3,1,2,0
3.31,575,3,1,2,0
44.5,1079,5,3,2,0
5,579,4,2,2,0
5.25,650,3,2,1,0
4.13,539,3,2,2,0
3.30002,647,3,2,2,0
4.425,675,4,2,3,0
3.32,1658,2,1,1,1
6.21,697,3,2,2,0
3.815,96,2,1,1,1
4.2,1397,2,2,1,1
6.45,292,2,1,2,1
6.325,350,3,1,1,0
3.185,544,3,2,2,0
2.85,733,3,2,1,0
6.3,220,2,2,1,0
2.55,590,3,1,2,0
8.9,597,3,2,2,0
3.45,579,3,2,1,0
5.61,771,2,2,1,1
4.51,851,3,1,2,1
3.4,626,2,1,1,0
4.25,595,4,2,2,0
7.9,285,3,2,2,0
3.25,627,3,1,1,0
4.35,636,3,1,1,0
5.95,212,4,2,2,0
3.4,641,4,2,1,0
5.75,326,3,2,2,0
5.3,990,4,2,2,0
4.8,693,3,1,1,0
7.15,230,3,2,3,1
5.75,158,3,1,1,0
4.2,1123,1,1,1,1
3.2,669,3,2,2,0
2.815,844,1,1,1,1
22.2,492,3,2,1,0
7.7,586,3,1,2,0
12.75,421,3,3,2,0
3.44,359,3,2,2,0
7.2,560,5,4,2,0
7.1,201,3,2,2,0
5.85,244,3,2,2,0
3.8,585,3,2,2,0
3.95,400,4,2,2,0
19.5,833,5,3,2,0
3.485,147,3,2,2,1
5.6,588,1,1,1,1
3.2,421,3,2,2,0
2.54,201,3,1,1,1
2.57,580,3,2,1,0
23.75,298,4,4,3,1
3.95,560,4,2,2,0
2.75,228,3,2,2,1
6.6,1004,7,2,2,0
6.15,1619,2,1,1,1
6.8,540,3,1,1,0
4.2,158,2,1,1,1
11.5,223,3,2,1,0
4.8,406,3,2,2,0
7.31,337,3,1,1,0
4.05,650,3,2,2,0
4.2,550,1,1,1,1
3.35,251,3,2,2,0
13.05,360,4,2,2,0
3.7,1969,1,1,1,1
5.2,2330,2,2,2,1
5.6,722,4,2,2,0
2.8,344,3,1,1,0
3.85,1171,2,1,1,1
4.9,720,3,2,2,0
2.875,1416,1,1,1,1
3.85,251,2,2,1,0
8.625,445,2,1,2,0
5.35,525,4,2,2,0
5.2,790,3,2,2,0
3.515,299,2,1,1,1
3.535,511,4,2,2,0
3.55,1308,3,2,2,1
5.8,2777,2,1,0,1
2.8,604,3,2,2,1
4.575,400,4,2,2,0
5,108,2,1,1,1
5.65,519,4,2,2,0
3.1,601,3,1,2,0
8.1,212,4,2,2,1
9.47535,1019,4,3,2,1
3.52,601,3,2,2,0
11.1,666,3,2,3,0
4.59,673,3,2,1,0
3.34,530,3,1,4,0
5.28,414,4,2,2,0
3.85,984,5,2,2,0
5.3,508,4,2,2,0
3.92,420,4,2,2,0
3.8,400,3,2,2,0
3.06,326,3,2,2,0
4.2,2896,1,1,1,1
5.45,1011,4,1,3,0
8.37,502,2,1,1,1
5.95,100,2,1,2,1
3.85,2825,1,1,1,1
3.65,3399,2,1,1,1
4.15,1969,1,1,1,1
6.43,650,3,2,0,0
2.8,1500,3,1,1,1
4.95,290,3,2,1,1
3.01,657,3,1,2,0
4.1,349,5,2,2,0
4.2,149,3,2,1,1
8.55,565,3,2,2,0
5.2,531,3,2,2,0
8.625,361,3,2,1,0
4.7,423,4,2,2,0
9.5,204,2,1,1,0
3.05,638,3,1,1,0
9.12,2804,2,2,2,1
3.18,320,3,2,1,0
5.15,530,4,2,2,0
4.93,1082,3,2,2,0
3.36,657,3,1,2,0
6.6,729,3,1,1,0
3.2,574,4,2,1,0
18,500,4,2,2,0
3.47,550,1,1,1,1
23.8,1239,3,3,2,0
3.399,72,2,1,1,1
3.9,388,3,2,2,0
3.925,560,3,2,2,0
4,1885,4,3,5,0
9.75,574,3,1,1,0
2.2,109,2,1,1,1
9,572,3,1,1,0
3.7,136,3,1,2,1
5.55,2323,2,2,1,1
4.125,932,2,1,1,1
4.3,467,4,2,2,0
5.18,790,4,2,2,0
3.12,418,4,2,2,0
4.04,486,4,2,2,0
3.21,314,3,2,2,0
8.4,188,3,3,2,1
3.43,546,3,1,2,0
5,440,1,1,0,1
3.3,150,3,2,1,1
3.45,400,4,2,2,0
2.925,1014,2,2,1,1
34.95,715,1,1,1,1
3.55,544,4,3,2,0
4.05,998,1,1,1,1
5.55,905,3,2,3,0
2.75,172,2,1,1,1
14.05,858,3,1,3,0
4.04,2466,2,1,1,1
41.3,752,5,2,2,0
3.74,300,3,1,1,0
6.25,2236,2,2,1,1
4.6,446,2,1,1,0
4.5,765,5,3,2,0
4.7,1226,2,1,1,1
7.35,748,3,1,2,0
9.7,353,3,3,1,0
5.99,162,2,2,2,1
34,1896,3,2,3,1
2.55,500,3,2,2,0
2.7,102,2,1,1,1
4.6,1310,2,1,1,1
2.85,135,2,1,1,1
5.95,496,4,3,2,0
3.375,348,3,1,1,0
4.66,1264,4,2,4,0
4.5,417,4,2,2,0
3.825,130,2,1,1,1
9.005,592,3,1,1,0
3.5,412,3,1,1,0
25.5,593,3,1,1,0
8.4,564,3,1,4,0
8.05,3068,2,2,1,1
6.55,306,3,2,2,1
4.2,375,3,2,2,0
8.25,1330,3,2,2,1
8.7,615,3,1,1,0
7.5,491,3,2,2,0
3.1,266,3,2,1,1
3.5,540,3,2,1,0
3.75,402,4,2,2,0
5.53,837,5,2,2,0
6.65,576,4,2,2,0
2.82,350,2,1,1,0
6.217,656,3,2,2,0
5.65,560,5,3,2,0
4.05,573,4,2,2,0
8.675,600,3,2,2,0
12.5,630,6,3,2,0
5.8,795,3,1,0,0
4.42,1214,1,1,1,1
4.35,480,4,2,2,0
4.45,500,4,3,2,0
5.2,400,3,2,4,0
4.25,162,2,1,1,1
5.86,574,3,1,1,0
10.185,129,2,2,2,0
19.35,533,3,2,2,0
4.1,666,3,1,2,0
3.8,230,3,2,1,0
3.71,528,3,2,2,0
5.1,237,3,2,1,1
6.61,200,2,1,2,0
3.22,117,3,2,1,1
4.4,1748,3,3,3,1
5.275,658,3,2,2,0
3.9,300,3,2,2,0
3.75,144,2,1,1,1
3.02,580,3,1,1,0
4.2,448,4,2,2,0
8.5,292,3,2,1,0
6.8,1429,3,2,2,0
7.2,1779,2,1,2,1
2,1833,1,1,1,1
14.31888,809,5,3,2,0
2.55,325,3,1,1,0
2.68,531,3,1,1,0
9.05,1112,4,2,2,0
4.52,234,2,1,2,1
2.65,207,2,1,1,1
13.5,720,3,1,1,0
5.06,2435,2,1,1,1
3.9,769,4,2,2,0
3.3,666,3,1,2,0
3.3,684,3,2,1,0
3.30501,635,3,2,2,0
7.27,491,3,1,1,0
5.6,772,1,1,1,1
34,1126,5,2,4,0
3.399,73,4,1,1,1
3.15,380,3,2,1,0
5.065,2345,2,1,1,1
2.72,531,3,1,2,0
7.92,748,3,3,2,1
7,749,4,3,2,0
4.28333,448,3,2,2,0
3.85,637,3,1,2,0
6.27,338,4,2,2,0
3.52,400,3,2,2,0
8,367,2,1,3,0
4.28,448,3,2,2,0
38.55,965,4,3,2,0
2.45,580,3,1,2,0
3.35,347,3,2,2,0
5.6,850,3,1,1,0
4.2,698,3,2,2,0
9.5,195,3,1,2,1
4.29,2238,1,1,1,1
4.12,392,3,2,2,0
4.42,132,3,2,2,1
9.55,980,4,2,2,0
2.1,1894,2,1,1,1
3.87,929,2,1,1,1
5.8,2607,2,2,1,1
3.1,638,3,2,1,0
7.26,238,3,1,0,0
5.3,1438,2,2,1,1
5.5,651,2,1,1,0
5.27,721,2,1,1,1
8.7,679,3,1,4,0
5.6,761,4,2,1,1
6.65,2023,2,1,1,1
19.25,733,4,2,3,0
5,312,3,2,2,0
15.3,236,4,1,1,0
8.6,219,4,3,2,1
3.325,541,3,1,1,0
6.26,722,4,2,2,0
3.5,331,3,2,2,0
3.1,595,1,1,1,1
3.7,2652,2,1,1,1
11.6,784,3,1,2,0
4.32,2654,2,1,1,1
6.71,415,4,2,2,0
6.2,1208,2,1,1,1
4.55,1368,1,1,1,1
2.6,580,3,2,2,0
6.2575,299,3,1,1,0
3.605,236,3,1,1,1
6.35,545,3,1,2,0
5.95,103,2,2,1,1
3.9,477,3,2,2,0
7.2,74,3,1,2,1
5.5,534,3,1,2,0
4.04,711,3,2,2,0
5.6,762,3,2,2,0
6.12,929,3,2,2,0
4.35,287,3,2,2,1
5.1,68,2,1,6,0
7.012,314,2,1,1,1
9.55,1201,3,2,1,1
6,150,3,1,1,0
17.99,525,3,3,2,0
5.55,312,2,2,2,0
20,993,3,2,4,1
4,476,4,2,2,0
6.55,263,3,2,2,0
4.02,400,4,2,2,0
3.525,524,3,2,1,0
3.86,528,4,2,2,0
4.06,619,4,2,1,0
30.25,974,5,4,4,0
3.95,644,1,1,1,1
9.35,319,3,1,1,0
8.01,2896,2,2,1,1
9.45,585,3,1,1,0
9.55,150,2,1,0,0
3.65,400,3,2,2,0
4,724,2,1,1,1
4.9,726,3,1,1,0
6,703,4,2,2,0
3.2,313,3,1,1,0
4.8,356,2,1,2,0
3.75,1073,2,1,1,1
4.57,2785,2,1,1,1
4.47,137,2,1,1,1
3.755,2037,2,1,1,1
3.7,173,3,2,1,0
39,627,4,3,2,0
5.31,604,4,2,3,0
2.2,1469,2,1,1,1
2.2,707,2,1,1,1
4.145,400,4,2,2,0
5.6,841,4,2,2,0
5.3,568,3,2,2,0
4.3,592,4,2,2,0
5.6,435,4,2,2,0
2.63,543,3,1,2,0
14.15,880,4,1,2,0
7.03,487,2,2,1,1
18.5,517,3,2,2,0
3.75,650,3,2,2,0
24.75,740,3,2,2,1
8.35,422,3,2,2,0
3.05,568,3,1,2,0
4.6,637,3,2,2,0
4.2,1009,4,1,2,0
6.6,766,3,1,1,0
3.4,360,3,1,2,1
2.95,517,1,1,1,1
23.5,549,3,2,2,0
5.9,566,2,1,1,1
4.74,162,2,1,2,1
5.13,2345,2,1,2,1
2.465,136,3,1,1,1
3.85,2162,2,2,1,1
5.99,151,3,1,0,0
12.41,780,3,2,2,0
5.15,278,3,1,1,0
3,710,3,2,1,0
4.5,1256,2,1,1,1
2.205,3010,1,1,1,1
6.1,655,4,1,1,0
3.7,397,4,2,2,0
4.596,464,4,2,2,0
4.151,364,3,2,2,0
3.425,399,4,2,2,0
3.55,160,3,2,2,0
4.69,576,4,2,2,0
10.27,587,3,1,1,0
15.25,349,4,2,2,0
8.45,312,4,2,1,0
3.195,574,3,1,1,0
3.05,650,2,1,1,0
2.1,307,3,1,1,0
5,559,4,1,2,1
2.5,346,5,3,3,0
5.21,560,3,2,2,0
5.3,206,3,2,2,0
3.625,693,2,2,3,0
12.75,587,4,2,2,0
3.697,630,4,2,2,0
3.45,315,3,2,2,0
5.963,1908,2,1,2,1
4.9,480,4,2,2,0
4.52,818,2,1,2,1
4,496,3,2,2,0
11.9,337,2,1,2,1
11.1,1094,3,2,2,0
3.1,1500,3,1,1,1
2.43,570,3,1,1,0
3.25,450,3,2,2,0
5.75,278,2,2,1,0
6,553,4,2,2,0
2.91,131,2,1,1,1
4.62,1386,1,1,1,1
5.775,866,2,1,1,1
3.55,2127,1,1,0,1
4.9,680,3,1,2,0
4.15,638,3,1,1,0
2.45,580,4,1,2,0
4.5,827,3,2,2,0
4,512,3,1,2,0
5.88,523,3,2,2,0
4.1,699,4,2,2,0
3.12,560,4,2,2,0
15.25,2222,3,2,2,1
7.38,833,4,2,2,0
3.35,545,3,2,2,0
5.25,650,3,2,4,0
5.05,374,2,1,1,0
4.1,84,2,1,1,1
3.65,204,3,1,1,0
4.9,121,2,1,1,0
4.1,1446,2,1,1,1
3.965,2323,1,1,1,1
5.6,837,4,2,2,0
5.695,1197,2,1,1,1
2.85,365,3,1,1,0
4.95,760,3,2,2,0
5.13,319,3,1,2,1
3.04,316,3,2,1,0
8.35,819,5,3,5,0
12,1022,2,2,2,1
4.1,773,2,1,1,1
6.81,444,3,1,2,0
4.31,623,3,3,2,0
7.52,395,2,1,1,0
4.05,399,3,2,2,0
16.59,739,4,2,3,0
5.21,592,4,2,2,0
2.4,113,2,1,1,1
3.25,226,3,2,1,1
3.88,1969,1,1,1,1
2.05,151,2,1,1,1
4.5,290,4,2,2,0
2.59,938,1,1,1,1
7.45,655,4,2,2,0
10.2,1338,3,2,4,0
8.54,140,2,1,1,0
3.95,268,2,2,2,1
2.81,744,2,2,2,1
41.25,968,4,3,2,0
3.775,314,3,2,1,0
4.57,628,3,1,2,0
2.5,2108,2,1,1,1
3.16,401,4,2,2,0
5.56,839,3,1,1,1
3.13,880,3,1,3,0
5.2,223,3,2,2,1
6.25,378,3,2,2,0
3.39,617,3,2,2,0
9.5,557,3,2,1,1
3.54,644,2,1,2,0
6.12,561,3,2,1,0
3.525,674,3,1,6,0
7.05,1914,2,2,1,1
6,1254,3,1,1,1
3.27,627,3,2,2,0
6.21,678,2,1,1,0
2.575,430,3,1,1,1
4.2225,1238,3,1,3,0
4.35,1378,2,1,1,1
4.95,627,2,1,1,1
3.9,429,3,2,2,0
8.3,846,5,4,2,0
14,1230,2,1,1,0
3.03,608,3,2,1,0
3.85,946,4,2,2,0
5.75,564,3,2,1,1
4.06,564,3,2,2,0
3.95,130,3,2,2,1
7.8,300,2,1,2,0
6.575,744,3,1,3,0
6.5,859,3,3,2,0
9.45,1046,2,2,2,1
5.8,640,3,2,2,0
6.95,1282,2,2,1,1
5.41,523,3,2,2,0
2,957,1,1,1,1
5,736,4,2,2,0
2.65,790,3,1,2,0
18,513,4,3,2,0
4.05,140,2,1,1,1
6.95,257,3,2,2,0
17,773,3,2,3,0
3.2,513,4,2,2,0
5.47,318,2,1,1,0
3.23,185,3,1,2,0
2.875,158,2,1,1,1
3.05,59,2,1,1,1
3.35,444,4,2,2,0
4.3,399,2,2,2,0
3.4,320,4,2,1,0
4.25,512,4,2,2,0
7.25,436,4,1,1,0
3.85,1486,2,2,1,1
6.67,69,2,2,1,1
3.26,412,3,2,1,0
5.57,246,3,2,2,1
20,697,7,2,2,0
5.28,635,2,1,1,0
3.55,648,3,1,2,0
3.4,660,4,2,2,0
3.4,2956,2,1,1,1
4.245,350,2,2,1,1
3.35,364,3,2,2,0
7.45,739,3,2,1,0
3.5275,878,1,1,1,0
6.1,514,3,1,1,0
3.6,565,3,1,2,0
6.02,189,3,3,2,1
5.05,723,4,1,1,0
4.65,256,4,3,2,0
4.45,156,2,1,1,1
14.2,805,3,2,2,0
5.58,617,1,1,1,1
4.25,648,3,2,2,0
27.5,606,4,3,2,0
3.55,378,3,2,2,0
3.75,235,4,2,2,1
4.955,945,3,2,3,0
3.275,480,3,2,2,0
4.65,678,4,2,3,0
5.072,166,2,1,1,1
5.45,648,3,2,2,0
4.65,534,3,1,3,0
5.05,3003,1,1,1,1
4.02,468,4,2,2,0
2.4,576,4,2,2,0
2.91,127,3,1,1,1
5.45,463,2,1,1,1
3.2,558,3,1,2,0
3.85,557,3,2,4,0
7.6,202,3,2,2,1
17.6,1216,5,2,2,0
6.21,3094,2,1,1,1
2.75,811,1,1,1,1
6,159,2,2,2,0
3.06502,654,3,2,2,0
4.45,447,4,2,2,0
4.9,687,4,2,2,0
16.75,1061,4,1,1,0
2.8,307,3,1,1,0
4.9,586,4,2,2,0
4.3,776,4,2,2,0
3.82,1653,4,2,5,1
7.3,346,3,1,1,1
4.48,575,3,2,2,0
2.849,2038,2,1,1,1
3.95,565,3,1,2,0
4.225,544,4,2,2,0
6.33,529,3,1,2,0
11.4,268,3,1,2,0
4,342,3,1,1,0
3.025,453,3,2,2,0
3.78,1969,1,1,1,1
6.1,1969,2,2,1,1
22.5,496,4,1,4,0
3.05,401,4,2,2,0
4.2,1137,2,1,1,1
6.53,471,2,1,2,0
10.39,806,3,2,3,0
3.37,220,3,2,1,1
14.7,1581,3,1,1,0
2.75,195,2,1,1,1
5.3,1846,2,2,1,0
3.4995,504,4,2,2,0
5.24,694,4,2,3,0
2.44001,512,3,2,2,0
3,389,2,1,1,0
3.15,279,2,1,1,1
7.5,331,3,1,1,0
5.5605,418,2,1,1,1
13.65,1397,2,2,1,0
3.6,400,1,1,1,1
9.47,440,3,2,1,0
19.206,496,1,1,1,0
14.35,385,4,2,1,0
4.5,379,4,2,2,0
2.72,218,2,1,1,1
4.555,716,3,2,2,0
6.925,579,3,2,2,0
26,780,4,2,2,0
5.81,659,3,1,1,0
5.42,1635,3,2,2,1
3.228,266,3,1,1,1
4.5,214,3,1,3,1
3.6,652,4,1,2,0
8.02,285,3,3,3,0
5.15,962,2,1,1,1
4.58,448,4,2,2,0
4.975,337,3,2,3,0
2.85,500,3,2,1,0
4.15,527,5,2,2,0
4.95,2323,2,1,1,1
3.9,1137,1,1,1,1
11,161,3,1,2,0
5.2,399,2,1,1,0
15.5,342,2,1,3,1
10.5708,2517,2,2,1,1
4.68,719,4,2,2,0
3.12,191,2,1,1,1
3.5,827,3,1,1,1
4,521,4,2,2,0
3.35,592,3,2,4,0
14.1,772,2,2,1,0
3.2,91,2,1,1,1
4,587,4,2,2,0
3.6,612,4,2,2,0
4.2,391,4,2,2,0
5.66,313,4,3,2,0
3.51,376,3,2,2,0
4.5,515,4,2,2,0
6.35,484,5,3,2,0
3.2,154,3,2,1,1
2.61,157,2,1,1,0
4.65,575,4,2,1,0
6.28,198,2,1,2,0
3.79,1969,1,1,1,1
4.515,1350,2,1,1,1
3.3,820,3,2,2,0
9.65,320,3,1,1,0
5.7504,1282,2,1,1,1
3.79,660,2,1,1,1
8.9,544,3,1,1,0
3.41,521,3,1,1,0
3.8,154,4,2,2,1
3.51,671,3,1,2,0
5.6,862,3,2,1,1
5.99,57,3,2,1,0
7.61,820,4,1,2,0
5,92,2,3,1,0
8.06,417,2,2,1,0
3.785,504,3,2,2,0
5.27,610,3,2,3,0
5,189,3,1,2,1
3.19,582,1,1,1,1
4.101,403,4,2,2,0
7,501,2,2,2,0
4.08,2986,3,1,6,0
5.7,627,2,2,1,1
3.85,1202,2,1,1,1
3.37,227,3,1,1,1
2.84,792,1,1,1,1
3.6,826,2,1,1,1
3.55,400,3,2,2,0
3.9,568,3,1,2,0
5.25,613,4,2,2,0
7.73,623,4,2,2,0
3.01,1181,2,1,1,1
5,268,2,2,2,0
3.7,502,3,2,2,0
2.895,1747,2,1,1,0
2,1778,1,1,0,1
2.37,206,2,1,1,1
5.21,468,2,1,2,0
5.955,675,3,2,2,0
8.25,2777,2,2,2,1
7.9,2673,2,2,2,1
6.3,762,4,2,2,0
5.05,1023,2,1,4,0
3.4,1137,1,1,1,1
5.65,230,3,2,2,1
16.66666,788,3,4,6,0
9.2,557,4,2,2,0
4.27,626,4,2,2,0
4.15,274,3,2,2,0
13.8,207,3,2,2,0
5.98,402,4,2,2,0
49,1179,5,2,2,0
6.15,292,5,2,2,0
5.85,1341,2,1,1,1
3.5,648,4,2,2,0
6.9,300,2,1,2,0
2.9,810,1,1,1,1
4.85,350,4,2,2,0
7.52,697,3,1,2,0
5.45,793,4,2,2,0
3.3,448,3,2,2,0
3.505,579,4,2,2,0
7.135,543,2,1,2,1
3.6,509,3,2,2,0
5.25,697,4,2,2,0
4.45,431,4,2,2,0
12.4,571,4,2,5,0
2.3,200,2,1,1,1
8,200,3,1,1,0
4.65,664,3,2,2,0
4.8,701,3,2,2,0
3.61,619,3,2,4,0
5.15,675,3,1,2,0
5.1,378,4,2,2,0
2.05,548,3,1,1,0
3.3,621,3,2,3,0
3.672,556,3,2,2,0
6.45,541,3,1,2,0
2.845,56,3,1,1,1
4.7,964,2,1,1,1
3.87,529,3,2,0,0
8.275,2192,3,2,2,1
2.03,496,4,2,2,0
2.5,543,3,2,2,0
3.7,436,4,2,2,0
4,169,3,1,2,1
8.375,613,4,2,2,1
3.94869,701,3,1,1,0
2.5,237,3,2,1,1
3.33,451,3,2,2,0
5.18,3137,1,1,1,1
5.655,3003,2,2,1,1
16.525,673,4,2,1,0
5.54,649,3,1,1,0
3.43,626,3,2,4,0
10.51,279,2,2,1,0
3.72,544,4,2,2,0
3.6,330,3,2,1,0
4.2,395,3,2,2,0
3.83,400,4,2,2,0
6.75,735,2,2,1,1
3,2340,1,1,1,1
3.45,530,3,1,1,0
3.3,623,3,1,1,0
3.5,696,3,1,2,0
4.4,428,4,2,2,0
3.4,400,3,1,1,0
12.7,472,4,1,1,0
4.1865,1208,1,1,1,1
4.4,261,3,1,1,1
7.7,208,3,2,2,1
5.205,219,2,1,1,0
4.23,400,4,2,2,0
6.4,101,2,2,1,1
7.93,779,4,2,2,0
3.75,543,3,1,2,0
3.15,262,3,1,2,1
5.6,588,4,2,4,0
3.499,185,3,2,2,0
22.75,660,3,1,2,0
9.16,483,3,1,3,0
4.65,1363,2,2,1,1
3.4,164,2,1,1,1
8.8,1622,3,3,3,0
2.9,666,4,2,2,0
3.4,557,2,1,1,0
6.2,1237,2,1,0,1
4.8,1893,2,1,1,1
7.15,1218,2,1,0,1
2.2,467,4,2,2,1
3.965,461,3,2,2,0
3.42,598,3,1,2,0
4.5,702,4,2,2,0
5.91,773,3,1,3,0
9,314,3,2,1,0
4.05,306,3,2,2,0
3,1265,2,2,1,0
13.75,1376,2,2,2,1
9,1100,4,2,2,0
5.65,3137,2,1,1,1
12,373,4,2,2,0
4.75,1378,4,2,2,0
4.25,595,2,1,1,0
2.8,667,2,1,1,1
3.47,167,3,2,2,0
2.425,1019,1,1,1,1
6.45,1349,2,2,1,1
3.9495,395,3,2,2,0
16,920,2,1,1,0
6.4,470,2,1,1,0
3.175,792,2,1,0,1
2.75,678,1,1,1,1
3.62,300,3,2,1,0
10.5,608,3,1,2,0
3.48,374,3,2,2,0
34,161,3,2,2,0
5.22,196,3,2,2,1
4.67,541,3,1,2,0
2.99,1922,1,1,0,1
3.8,674,3,1,2,0
3.3,578,3,2,4,0
4.3,1632,2,1,1,1
7.025,485,6,4,2,0
3.05311,656,2,1,2,0
3.85,527,2,1,2,0
3.83,650,3,2,2,0
26,655,5,3,2,0
4.15,2825,1,1,1,1
3.28,400,3,2,1,0
4.6,375,4,2,2,0
19.38,454,3,1,1,0
7.25,1116,2,1,2,0
6.92888,93,3,2,2,0
6,719,2,1,1,1
3.125,1423,3,1,1,1
3.45,490,4,2,2,0
5.335,583,4,2,2,0
5.45,700,4,2,2,0
5.4,693,4,2,2,0
11.45,420,3,2,2,1
4.6,617,3,2,2,0
4.55,582,1,1,1,1
5.1,425,2,1,1,0
3.9,650,3,2,1,0
3.605,334,3,2,2,0
3.72,551,3,1,2,0
5.2,852,2,1,1,1
4.16,1652,1,1,0,1
3.9,640,4,2,2,0
3,180,2,1,1,1
6.29,463,2,1,1,1
6.1,729,3,1,1,0
8.3,600,2,2,1,1
3.48,147,2,2,1,1
4.8,1827,2,1,0,1
2.1,105,1,1,1,1
3.88,708,3,1,2,1
6.5,181,2,1,1,0
14.78,3009,3,2,4,1
9.6,398,3,2,2,0
4.849,478,3,2,2,0
3.55,238,3,2,2,0
24.75,697,4,3,5,0
4.3,213,4,2,2,0
9.2,208,3,2,2,0
4.08,179,3,1,1,1
4.52,1874,2,1,1,1
14.8,379,3,2,2,0
17.5,1430,4,3,2,1
4.2,812,2,1,1,1
3.35,682,3,1,2,0
8.35,2248,2,1,1,0
5.1,790,3,2,1,0
3.3,1398,2,2,1,1
8.06,189,3,2,2,0
5.4,1295,2,1,1,1
4.46,526,3,1,2,0
10.1,658,4,2,2,0
5.5,578,3,2,2,0
3.525,534,3,1,2,0
4.82,109,2,1,1,1
6.66,2896,2,2,1,1
4.6,400,4,2,2,0
13.508,329,2,1,2,0
15.88,698,5,3,2,0
3.25,687,3,1,1,0
3.35,313,3,2,1,0
6.92,730,3,2,2,0
3.75,176,3,1,2,1
5.5,2321,2,2,1,1
17,778,4,2,4,0
4,300,3,2,2,0
6.665,269,3,1,1,0
3.4,853,1,1,0,1
3.9,350,3,2,2,0
2.28,136,2,1,1,1
5.7,1791,2,1,1,0
4.65,1249,1,1,1,1
5.02,3003,2,2,1,1
4,415,4,2,2,0
12.92,394,3,2,1,0
5.9,398,2,1,1,0
4.53,714,3,2,2,0
4.65,536,3,2,2,0
18.5,3205,2,1,1,0
5.17,931,3,1,2,0
2.3,430,3,1,1,1
4.3,232,1,1,1,0
4.46,400,3,2,3,0
7.35,484,3,2,2,0
5.9,3161,2,1,1,1
3.499,185,3,2,2,0
5.62,1000,3,2,2,0
3.42,842,3,2,0,0
3.55,683,3,1,1,1
9.35,389,3,3,2,0
6.2,1714,3,2,1,1
9,882,3,2,1,1
21.1,111,3,3,1,0
2.5,528,2,1,1,1
4.86,640,4,2,2,0
4.65,425,3,2,2,0
4.2,430,4,2,0,0
5.25,540,3,2,2,0
13.5,612,5,2,1,0
10.6,128,3,2,1,1
3.1,136,2,1,1,0
3.05,747,3,1,2,0
4.9,732,3,2,2,0
4.16,420,4,2,2,0
3.39,257,3,2,1,0
5.3,682,3,1,2,0
3.31,1464,2,1,2,1
3.15,679,4,3,1,0
5.825,469,2,1,1,1
5.8,365,2,2,2,0
6,1914,2,2,1,1
5.5,2600,2,2,1,1
6.5,364,3,2,1,0
3.861,1619,2,1,1,1
2.62,1469,2,1,1,1
2.85,655,3,1,2,0
3.8,450,4,2,2,0
2.5,99,2,1,1,1
3.5,523,3,1,1,0
5,231,2,1,1,0
5.96,80,2,2,1,1
4.35,396,4,2,2,0
5.245,2023,2,1,1,1
3.62,535,4,2,2,0
2.95,590,3,1,2,0
7.8,218,3,3,2,0
5.5,87,3,1,1,1
8.2,131,2,1,1,1
2.84,99,2,1,1,1
8.73,726,3,1,2,0
6.3,850,3,1,1,0
5.7,246,3,1,1,0
4.35,447,3,2,2,0
3,631,3,1,1,0
8.4,2578,2,1,1,1
6.95,465,3,1,2,0
2.752,87,2,1,1,1
2.775,925,2,1,1,1
5.55,1969,2,1,1,1
16.1,806,3,2,2,0
2.7,337,3,1,2,0
4.7,525,4,2,2,0
2.65,998,2,2,1,1
4.75,525,4,2,2,0
3.8,2311,1,1,1,1
9.25,693,3,1,2,0
2.8,512,3,2,2,0
3.745,575,1,1,0,1
8.65,398,4,3,3,0
10.95,429,3,1,1,0
3.4,226,3,1,2,1
16.4,286,4,3,2,0
5.6,213,2,2,2,1
4.2,602,3,2,2,0
15.25,851,5,2,3,0
7.175,245,3,2,2,0
2.7,580,3,1,1,0
8.2,566,2,1,1,0
3.55,1028,1,1,1,1
3.1,660,2,1,1,1
5.7,145,2,1,1,1
3.61,336,3,2,2,0
3.95,522,3,1,1,0
7.98,411,1,1,1,0
7.75,589,2,2,2,0
4.35,470,3,2,2,1
5.9,1785,3,1,1,0
5.3,674,1,1,2,1
3.1,1151,2,1,1,1
6.2,69,3,1,1,1
7.44,1386,2,2,1,1
21.5,331,3,2,2,1
8.15,1082,4,2,4,0
4.2,174,3,2,2,0
3.35,526,2,1,1,1
4.55,505,3,1,1,0
5.5,960,1,1,1,0
4.7,3318,2,2,2,1
3.296,537,3,1,1,0
3.85,2384,1,1,1,1
9.75,528,2,2,1,0
3,609,3,1,1,0
2.02,550,3,1,4,0
14.3,289,3,2,1,1
4.95775,208,2,1,1,1
2.72,546,2,1,1,0
5.7,115,3,2,2,0
5.43,853,2,2,1,1
5.2,869,4,2,2,0
5.22,621,3,2,2,0
20.25,568,4,2,2,0
5.85,238,3,2,2,1
48.5,1745,5,3,6,0
4.5,557,3,2,1,0
14.1,648,4,2,2,0
32.5,564,4,2,2,1
4.4,442,3,2,2,0
6.69,475,4,3,2,0
7.6,231,3,1,2,1
3.17,562,2,2,4,0
3.9,467,2,1,1,1
3.7,350,3,2,2,0
4.9,1498,2,2,1,1
2,1003,1,1,1,1
3.3,1092,2,1,1,1
4.5,1116,2,1,1,0
3.89,610,3,2,2,0
4,824,2,1,1,1
4,649,2,1,5,0
2.8,742,1,1,1,1
3.67,529,3,2,2,0
5.8,438,4,2,2,0
4.82,742,4,2,2,0
3.82,502,4,2,2,0
5.9,769,4,2,2,0
11.2,1224,4,2,3,0
16.5,341,2,2,2,1
4.25,116,2,1,2,1
3.3,2054,2,1,1,0
3.875,141,2,1,1,1
2.42,570,4,2,2,0
2.75,121,3,1,2,1
11.8,465,3,2,2,0
6.405,254,3,1,2,1
10.5,239,3,2,2,0
7.2,322,2,1,1,0
2.95,235,3,2,1,1
16.35,381,2,2,2,1
6,427,3,1,2,0
3.05,588,3,1,0,0
5.13,826,2,1,1,1
3.05,350,3,1,2,0
10.65,470,2,1,1,0
6.53,161,2,1,0,0
10,1047,4,2,2,0
4.114,2466,2,1,1,1
6.16,470,5,2,1,0
3.8,650,3,1,2,0
2.45,655,3,2,3,0
3.94,359,4,2,2,0
6.335,279,3,1,2,1
8.1,697,2,1,2,0
4.28,162,2,1,1,1
5.36,489,3,1,2,0
2.75,601,2,1,2,0
6.75,644,2,1,1,1
16.8,557,4,2,2,0
8.3,190,2,3,2,0
3.3,112,2,2,1,1
3.07,797,3,1,4,0
3.7,599,3,1,2,0
3.85,801,3,2,1,0
3.95,399,3,2,2,0
6,567,3,1,1,0
3.25,653,2,1,2,1
3.75,296,3,2,2,0
11,731,4,2,4,0
4.05,400,4,2,2,0
2.95,710,3,1,2,0
3.26,331,3,2,2,0
4.75574,600,3,2,3,0
9.05,676,3,1,2,0
5.72,908,2,1,1,1
6.95,1024,2,1,1,0
12.46,652,3,2,2,0
2.95,1274,1,1,1,1
5.5,2330,2,1,2,1
2.7,841,4,2,2,1
3.12,258,3,1,1,1
15,347,3,1,2,0
5.44,845,3,2,2,0
5,1679,2,1,1,1
4.15,480,3,2,2,0
32,720,4,2,2,0
5.3,1923,3,2,1,1
9.1,728,3,1,2,0
5.9,2090,2,1,1,1
2.95002,639,3,1,1,0
9.2,740,3,1,3,1
4.125,454,4,2,2,0
4.55,538,4,1,1,0
13.85,261,3,2,2,1
6.15,159,3,2,2,0
3.725,465,3,2,2,0
7,720,2,1,1,0
5.95,227,3,1,1,0
3.2,566,3,2,2,0
3.2,92,2,1,1,1
4.71,406,3,2,2,0
4.35,804,2,1,1,1
7.75,495,3,1,2,0
3.96361,350,2,1,1,1
2.9,198,2,1,1,1
3.399,1736,3,2,1,0
3.615,516,3,1,1,0
5.35,971,2,1,1,1
3.7,457,3,2,2,0
3.5,528,3,2,2,0
4.2,638,4,2,2,0
2.8,313,4,1,1,0
5.8,1036,3,2,2,0
26.1,508,3,1,2,0
3.27,203,3,2,2,0
5.05,840,4,2,2,0
3.3,276,3,2,2,0
3.75,2342,2,2,1,0
2.625,163,2,1,1,0
3.1,542,3,1,2,0
3.75,525,3,2,2,0
5.35,576,4,2,2,0
4.6,792,3,2,2,0
12,353,3,1,2,0
4.35,710,3,2,2,0
3.255,1765,2,1,1,1
10.825,1782,2,2,2,1
3.5,313,3,2,1,0
3.36,169,2,1,2,0
5.8,656,2,1,1,1
7.68,247,3,1,1,0
3.85,785,3,1,1,0
5.06,815,2,1,1,1
4.25,664,4,2,2,0
5.24,493,3,2,2,0
3.25,2343,1,1,1,1
2.15,148,2,1,1,1
8.3,868,4,2,3,0
7.325,603,5,2,2,0
5.7,625,4,3,3,0
3.89,200,3,2,2,0
8.7,165,4,3,1,0
4.85,1226,2,1,1,1
4.4,672,4,2,2,0
4,429,4,2,2,0
4.2,520,3,2,2,0
4.7,450,3,2,2,0
7.2,118,3,3,2,1
5.35,1218,4,2,4,0
3.455,627,3,1,1,0
3.85,530,3,2,3,0
6.875,789,3,3,2,0
6.875,337,2,1,1,1
2.65,974,3,1,2,1
5.51,790,2,1,1,1
26.5,630,2,3,3,0
4.05,479,3,2,2,0
4.89,683,3,2,4,0
5.35,512,3,2,2,0
6.1,727,4,2,2,0
5.15,233,3,1,1,1
3.25,530,4,2,2,0
4.39,360,4,2,2,0
4.4,460,4,2,2,0
4.5,694,3,2,2,0
2.38,1692,1,1,1,1
6.85,342,4,2,2,1
3.05,647,3,2,2,0
3.5,650,4,2,2,0
3.25,400,3,1,1,0
4.26,251,3,2,2,0
3.4,317,3,2,2,0
3.95,309,3,2,2,0
3.1499,220,3,1,2,1
3.651,544,3,2,2,0
3.2,1410,1,1,1,1
5.15,1459,1,1,1,1
4.6,512,4,2,2,0
4.525,213,3,2,2,0
2.7,531,3,1,1,0
5.52,79,3,1,1,1
10.3,108,3,2,1,0
10.42,392,3,1,2,0
9.4,524,3,1,2,0
19.27,751,4,2,2,0
3.1,300,2,1,1,0
8.75,574,3,2,2,0
22.02,681,4,3,2,0
9.7,613,4,1,3,0
4.2,450,4,2,2,0
2.999,213,3,2,1,0
4.55,601,3,2,3,0
3.75,552,4,3,2,0
2.71,664,3,1,2,0
8.62,453,3,1,1,0
3.75,412,3,2,2,0
4.2,982,2,1,1,0
4.7,702,2,1,2,0
27.5,892,4,2,2,0
47.25,636,4,3,8,0
3.95,532,4,2,2,0
6.3,343,3,2,2,0
4.3,367,3,2,2,0
8.35,963,5,2,2,0
3.01,860,3,2,1,0
3.325,238,2,2,1,0
4.24431,314,4,2,2,0
2.9,238,3,1,2,1
4.225,608,3,2,2,0
6.425,603,3,2,2,1
3.79,1121,4,1,1,1
22,863,4,2,2,0
3.3,172,2,1,1,1
5.8,847,3,2,3,0
3.35,329,3,2,1,0
5.07,455,5,3,2,0
3.74,361,3,2,2,0
4,359,3,2,2,0
5.53,3003,2,1,1,1
2.77,169,2,1,1,1
7.71,486,2,1,1,0
8.5,479,3,1,1,0
4.2,703,3,2,2,0
3.315,684,3,2,1,0
6.5,1006,6,4,2,0
3.25002,526,4,2,2,0
3.75,122,3,3,2,1
4.63,358,3,2,2,0
3.35,501,3,1,3,0
3.7,650,3,2,2,0
6.2,650,4,2,3,0
6.8,2721,2,2,2,1
7.25,1973,2,1,1,1
2.5,580,3,1,2,0
24.5,1540,2,2,2,0
2.6,143,2,1,1,1
5.28,746,4,2,2,0
4.45,652,3,3,2,0
4.98,654,3,2,2,0
3.6,1498,2,2,1,1
8.48,180,2,1,1,0
6.75,478,3,1,3,0
3.42502,1011,2,1,1,1
5.35,159,2,1,1,1
4.13,609,3,2,2,0
7,1602,3,2,4,0
7.05,2236,2,2,2,1
3.6,448,4,2,2,0
4,634,3,2,3,0
4.45,544,3,2,1,0
4.412,580,4,2,2,0
3.65,402,3,2,2,0
3.25,591,3,2,2,0
5.275,561,4,2,4,0
3.01,149,2,1,2,1
5.5,768,2,1,1,1
3.325,611,3,2,2,0
3,985,1,1,1,1
6.65,651,3,2,2,0
3.835,590,4,2,2,0
4.03,239,2,1,1,1
4.705,508,4,2,2,0
21.55,580,3,2,4,0
3.3,400,4,2,2,0
3.15,753,1,1,1,1
8.45,200,3,2,2,1
5.1,668,3,1,3,0
2.55,638,3,1,0,0
2.7,100,2,1,1,1
3.79,1280,2,2,1,1
7,620,3,2,1,0
5.45,318,3,1,1,0
2.8,556,3,1,4,0
7.325,196,2,1,1,0
3.8,675,4,2,2,0
6.05,543,3,1,2,0
4.8,208,2,1,1,1
4.35,650,3,1,2,0
4.495,92,3,2,2,1
3.35,241,3,3,1,1
4.15,796,3,1,2,0
4.65,807,3,2,2,0
3.4,375,3,2,2,0
9.485,474,3,2,2,0
2.28,111,2,1,1,1
2.99,939,2,1,1,1
16.8718,788,3,1,2,0
4.2,341,3,1,1,0
4.65,289,3,2,1,0
3.449,166,3,2,2,0
7.21,747,2,2,2,0
2.85,238,2,1,2,1
17,771,3,1,1,0
7.02,1629,4,2,2,0
14.45,391,3,2,1,0
6.53,200,2,2,2,0
5.3,667,3,2,1,1
5.46,143,3,2,2,1
3.72,484,3,2,2,0
5.3,571,4,2,2,0
3.35,650,3,1,1,0
9.65,836,4,2,1,0
6.925,612,2,1,2,1
2.65,862,2,1,1,0
2.89,2311,1,1,1,1
4.7,150,3,1,2,1
9.25,685,3,1,4,0
2.85,753,3,2,2,0
2.29,420,4,2,2,0
4.1,1446,1,1,1,1
3.15,1055,2,1,1,1
5.9,2844,2,1,2,1
6.6,204,4,2,2,1
3.55,630,4,2,2,0
4.6,1860,2,1,1,1
5.7,689,4,2,2,0
2.9,326,3,2,2,0
3.3,402,4,2,2,1
5.21,521,2,1,1,1
16.9,266,3,2,2,1
5.21,197,3,1,1,1
3.75,417,3,2,2,0
7.9,185,3,1,2,1
4.1,653,4,2,4,0
3.56,400,3,2,2,0
5.85,612,2,1,1,1
14.25,282,4,2,2,0
20,543,4,2,2,0
4.885,775,5,2,2,0
4.15,593,4,2,2,0
3.89,193,2,2,2,1
3.20578,634,3,1,2,0
4.2,448,3,2,2,0
2.12,974,2,1,2,1
7.26,256,3,1,1,0
3.8,487,3,1,2,1
2.2,158,2,1,1,1
4.625,549,2,1,1,0
4.45,1596,2,1,1,1
16.3,563,3,2,2,0
5.53,105,2,1,1,1
2.69,750,3,2,4,0
7,563,3,1,2,0
6.75,1282,2,2,1,1
2.95,191,3,1,1,1
3.2,392,3,1,2,0
4.87,400,3,2,2,0
7.89,298,4,2,2,0
2.8,401,2,2,1,1
5.6,550,2,2,1,1
3.351,580,4,2,1,0
5.63,672,4,2,3,0
7.47,186,2,1,1,0
4.05,1009,2,1,1,1
5.66,1323,3,2,2,0
4.7,2127,2,1,1,1
8.4,1827,2,2,1,1
2.75,580,3,1,3,0
3.5,1961,3,1,1,1
3.75,457,4,2,2,0
3.1,320,3,1,1,0
4.5,325,3,2,1,0
6.5,560,3,1,4,0
4.51,261,3,2,2,0
4,598,4,2,2,0
4.35,1054,3,1,4,0
21.5,587,4,2,2,0
3.48,611,3,1,2,0
4.4,512,3,2,2,0
6.5,314,3,2,2,0
9.53,343,3,1,1,0
3.8,313,3,2,1,0
3.09,732,2,1,2,0
3.35,247,3,1,2,1
6.3,2844,2,1,1,1
2.15,940,1,1,0,1
7.2,361,2,2,2,1
19,523,3,2,2,1
7.09,1386,2,2,1,1
2.455,2107,2,1,1,1
3.05,703,2,1,1,1
4.6,612,3,2,1,0
4.9,762,4,2,2,0
5.83,305,2,1,1,0
3.325,580,3,2,2,0
6.15,636,3,1,2,0
2.5,551,3,1,4,0
4.175,400,3,2,2,0
3.355,957,3,1,1,0
6.5,649,3,2,1,0
3.37,450,3,2,1,0
4.405,396,4,2,2,0
3.68,640,3,2,2,0
4,646,3,1,1,0
3.14,219,3,1,1,0
9.15,290,2,1,1,0
2.85,785,3,1,3,0
5.525,235,2,1,1,1
3.4,664,3,1,1,0
3.66,620,3,2,2,0
9.2,731,3,2,1,0
2.7,111,1,1,1,1
3.2,652,3,2,2,0
3,956,3,2,2,1
3.115,440,3,2,2,0
4.30002,680,3,2,3,0
3.75,420,3,2,1,1
5.85,657,3,1,1,0
3.55,593,3,1,1,0
3.3,155,3,2,1,0
7.25,1543,2,2,1,1
4.5,348,3,2,2,1
11,254,3,1,2,0
4.25,1827,1,1,1,1
8.37,316,3,2,2,1
7.6,723,4,2,2,0
5.35,255,2,1,1,1
15.8,724,4,2,3,0
4.215,598,3,1,1,0
5.07,882,4,2,2,0
4.44,750,4,2,2,0
6.65,206,3,2,3,1
3.9,2435,1,1,1,1
3.2,233,2,1,1,1
4.325,748,2,1,1,1
3.35,192,2,2,1,1
6.92,2896,2,2,1,1
3.86,598,3,1,2,0
3.4,306,3,2,3,0
5.81,557,4,3,1,0
9.8,465,3,2,1,0
3.8,448,4,2,4,0
5.68,754,4,2,2,0
4.04,761,5,3,5,0
2.62,1407,2,1,1,1
3.27,710,3,2,2,0
2.7,658,3,1,2,0
6.81,2777,2,2,2,0
13.00888,653,4,3,2,0
16.3,203,3,1,1,0
2.55,2108,2,1,1,1
5.4,1920,3,1,1,1
2.2,600,3,2,1,0
4.5,465,3,1,0,0
4,175,2,1,0,0
3.95,417,3,2,2,0
2.4,798,2,1,1,1
3.1,1229,1,1,0,1
5,168,2,1,2,1
4.96,1190,2,1,1,1
2.25,287,2,1,1,0
4.3,265,3,2,1,0
2.11,966,2,1,1,1
20,541,4,2,2,0
6.025,3003,2,2,1,1
4.41,392,4,2,2,0
3.23,224,3,2,2,1
9,586,3,1,4,0
5.275,512,4,2,2,0
5.95,3009,2,2,1,1
2.35,1055,2,1,1,1
5.6,536,3,1,1,0
4.99,654,3,2,2,0
3.38,1061,2,1,1,1
4.2,1123,1,1,1,1
4.4,640,3,2,2,0
2.85,419,3,1,1,0
7.05,608,3,1,3,0
18.5,663,3,2,2,0
7.2,806,4,2,2,0
8,266,2,1,1,0
3.15,602,3,1,2,0
40,1132,5,2,2,0
7.7,301,3,1,1,0
16.35,276,3,3,2,0
3.965,3003,2,2,1,1
3.84,2389,1,1,1,0
3.5,620,3,2,2,0
4.05,138,2,1,1,1
6.3,1281,2,2,1,0
12.4,862,4,2,3,0
4.93,1280,3,1,1,1
9.75,318,2,2,2,1
2.75,800,4,2,2,0
3.425,905,3,1,1,0
4.6,2955,2,2,1,1
8.14156,359,3,1,0,0
9.2,675,3,2,1,1
2.9,703,2,1,0,1
4.3,632,2,1,2,1
2.295,630,4,3,2,0
4.3,501,1,1,1,1
3.86,665,3,3,2,0
3.35,641,3,1,2,0
4.4,724,3,2,1,0
2.7,566,3,2,1,0
21.5,625,2,4,5,0
4.55,633,3,2,1,0
4.9,727,4,2,2,0
4.45,203,3,2,1,0
4.57,250,3,2,2,0
4.15,2065,1,1,1,1
5.85,2311,2,2,1,1
3.56,347,3,1,1,1
3.18,358,3,2,1,0
2.55002,534,3,1,1,0
2.9,175,2,1,1,0
27.1,1265,4,1,4,0
3.125,487,3,2,2,0
3.82,420,3,2,2,0
10.35,519,4,1,2,0
17.5,110,3,2,1,0
11.16,759,4,2,2,0
4.45,313,3,2,1,0
3.82,650,3,1,1,0
5,650,4,2,3,0
5.975,3003,2,2,1,1
9.8,1381,3,2,2,0
3.4,80,2,1,1,1
5,578,3,2,2,0
2.5,94,1,1,1,1
3.1,154,2,1,1,1
4.2,523,3,2,2,0
4.91,1310,2,1,1,1
3.15,265,3,1,1,1
3.82,305,3,2,2,0
4.6,201,1,1,1,1
3.2,560,4,2,2,0
2.8,136,2,1,1,1
7.69,650,4,2,2,1
16.5,940,4,1,2,0
6.39,93,2,1,1,0
7.4,2323,2,2,1,1
9.125,245,3,1,1,0
6.5,278,2,1,1,0
15.1,439,3,2,2,0
7.8,278,2,1,1,0
8,166,3,2,1,1
6.35,234,3,2,1,1
2.0508,1009,1,1,2,1
5.82,870,2,2,0,1
2.1,174,2,1,1,1
4.55,138,4,2,1,0
2.5,534,3,1,1,0
4.7,627,4,3,2,0
4.15,814,4,2,2,0
5.53,93,2,1,1,1
3.2,1190,2,1,0,1
3.6,650,3,2,2,0
9,392,3,1,2,0
35,852,4,2,2,0
10.3,463,3,2,4,0
4.95,1689,2,1,1,1
3.81,600,3,1,1,0
4.8,613,1,1,1,1
3.43,1781,1,2,2,1
3.5,540,3,2,2,0
7.22,224,3,1,1,1
3.73,866,3,1,2,0
4.5,350,4,2,2,0
2.995,1202,1,1,1,1
12,815,4,2,2,0
3.175,536,3,2,2,0
8.3,238,3,2,2,1
4.98,160,2,1,1,1
4.875,3003,2,2,1,1
15.75,170,3,3,1,0
3.4,175,3,2,2,0
4.6,577,4,3,2,0
5.5,972,2,2,1,0
2.8,566,3,2,1,0
4.82,764,2,1,1,0
2.855,395,2,1,1,0
5.7,706,4,2,2,0
2.06,1224,2,1,1,1
5.9,428,4,2,2,0
11.45,759,2,2,4,0
4.38,477,4,2,2,0
17.15,362,4,2,4,0
7.6,826,2,1,1,0
7.3,700,4,2,2,0
4.9,685,4,2,2,0
8.05,1511,2,2,2,0
5.95,178,3,3,2,1
7.6,470,6,1,1,0
3.875,511,4,2,2,0
4.20002,1962,2,1,1,1
3.55,333,3,2,2,0
5.33,1847,2,1,1,1
6.66,501,3,1,1,0
6.4,845,4,1,1,0
2.87,632,3,1,2,0
8.1,987,3,2,2,0
3.5,638,3,2,1,0
4.5,604,3,1,2,0
10.04,650,3,1,2,0
5.6525,617,3,1,1,0
3.65,467,3,2,2,0
3.25,832,1,1,1,1
3.52,280,3,2,1,1
3.835,575,1,1,0,1
3.63,699,2,1,1,1
3.93,420,3,2,2,0
9.35,636,3,1,2,0
4.2,400,4,2,2,0
7.45,215,3,2,2,0
3.35,617,3,1,1,0
2.9,312,2,1,1,0
4.2,116,2,1,1,1
3.45,345,3,1,1,0
4.85,280,3,1,0,1
6.52,1063,3,2,2,0
4.65,926,2,1,1,1
19.28,929,4,2,2,0
13,95,3,2,3,0
3.22,199,3,2,2,0
4.2,2309,1,1,1,1
2.8,517,4,2,1,0
5.001,556,4,2,2,0
7.2,337,2,1,2,0
2.7,402,3,1,1,1
9.015,522,3,1,1,0
4.2,255,3,2,2,1
11.95,479,3,1,4,0
3.95,640,3,2,2,0
4.15,697,3,1,3,0
3.1,234,2,1,1,1
4.25,754,3,2,2,0
3.7,580,4,2,2,0
6.92,297,2,1,3,0
3.55,408,3,2,2,0
4.42,540,4,2,2,0
3.06,539,3,3,2,0
13.65,584,2,2,3,0
6.55,2291,3,2,2,1
4.05,527,3,1,1,0
11.065,1019,3,2,1,1
4.45,296,4,2,2,0
2.875,145,3,2,1,0
6.65,648,4,1,2,0
5.5,689,2,2,1,1
6.35,134,2,1,2,1
6.33,697,3,1,3,0
3.9,691,3,2,2,0
6.12,265,2,1,2,0
3.7,370,4,2,2,0
7.125,907,3,2,3,0
6.7,127,2,1,1,1
3.985,350,3,2,2,0
3.875,330,3,2,2,0
3.96,375,4,2,2,0
3.1,739,3,1,2,0
3.5,660,1,1,1,1
4.44,480,3,2,2,0
9.7,104,2,1,1,0
3.8,375,3,2,2,0
7.23,828,2,2,2,1
7.35,482,3,1,2,0
3.89,231,3,2,1,1
2.55,292,2,1,1,1
10.3,1958,3,1,1,1
4.65,350,3,2,2,0
3.2,284,3,1,2,1
46,1987,6,3,2,0
9.37,170,2,1,0,0
3.72,481,4,2,2,0
9.95,780,2,2,2,1
4.6,739,3,2,1,0
5.9,1226,2,2,1,1
5.9,415,3,2,1,0
36,768,4,3,2,0
2.805,627,1,1,1,1
4.38,330,3,2,1,0
11.5,227,3,2,2,1
3.02,168,3,1,2,1
3.16,648,3,2,2,0
4.21,554,4,2,2,0
2.58,532,3,1,2,0
3.45,452,4,2,2,0
3.86,556,4,2,2,0
3.12,653,4,2,2,0
4,2230,2,1,1,1
5.49,3094,2,1,1,1
7.63,168,2,1,1,1
5.93121,704,2,1,4,0
8.85,878,4,2,1,0
3.65,1126,2,1,1,1
6.4,397,3,1,1,0
3.4,404,3,2,2,0
11.86,614,3,1,3,0
5.8,767,3,2,2,0
12.6,920,3,2,1,0
4.85,741,3,2,0,0
5.25,741,4,2,2,0
3.15,678,3,2,2,0
3.61,543,3,1,2,0
3.499,143,2,1,1,1
3.41,638,3,1,2,0
3.1,3318,1,1,1,1
5.8,153,2,1,0,0
3.7,588,4,2,2,0
8.55,858,2,2,2,1
4.5995,405,3,2,2,0
3.48,652,3,1,1,0
3.65,625,3,1,2,0
2.9,600,3,1,1,0
4.03,454,3,2,2,0
2.1,512,4,2,2,0
5.16,534,3,2,1,0
6.3,803,2,1,1,1
4.35,370,2,1,1,1
2.95,790,3,2,2,0
9.9,465,4,2,1,0
8.6,700,4,2,4,0
6.1,917,4,2,4,0
5.2,832,3,1,2,0
3.719,173,3,2,2,0
5.84,512,2,2,2,0
4.6,249,3,1,1,1
6.3,50,2,2,1,1
2.2,976,2,1,1,1
5.45,484,2,1,1,1
3.9,636,3,2,2,0
3.98,625,3,2,2,0
2.45,1220,3,1,1,1
5.75,627,3,1,2,0
3.865,585,3,1,1,0
3.5,864,4,2,1,0
3.83,312,4,2,2,0
4.35,420,4,2,2,0
3.855,535,4,2,2,0
15.5,657,3,2,2,0
4.985,646,4,2,2,0
6.525,2673,2,2,1,1
13.05,332,3,2,2,0
3.45,2639,3,2,1,1
23.81,2326,3,3,4,1
2.899,1747,2,1,1,1
7.51,576,2,1,2,0
4.1,400,4,2,2,0
5.3,655,4,2,2,0
4.62,427,3,2,1,0
5.83,171,2,1,2,1
5.285,237,3,1,2,0
4.57,521,3,2,2,0
3.85,236,3,2,2,0
6.87,317,3,1,2,1
3.85,616,3,2,1,0
3.985,312,4,2,2,0
5.69,1187,4,2,3,0
3.9,312,2,1,1,1
2.775,154,2,1,2,0
3.2,3318,2,1,1,1
3.325,601,3,1,1,0
3.60101,541,3,1,1,0
7.35,1411,2,2,1,1
3.47,2430,2,2,1,1
3.95,175,3,2,2,1
4.45,448,5,2,2,0
5.25,385,2,1,0,1
11.50243,578,3,3,2,0
3.84,477,3,2,2,0
3.7,650,4,2,2,0
3.87,194,2,1,1,1
3.52329,186,3,2,2,0
4.06,684,4,1,2,0
3.32,274,3,1,2,1
6.06,2238,2,2,1,1
5.825,148,3,2,2,1
3.41,619,4,2,2,0
3.01,532,3,1,2,0
4.3,1000,4,2,2,0
3.9,599,4,1,2,0
39,1237,4,3,2,0
4.42,744,3,2,2,0
4.21,90,2,1,1,1
3.16666,919,3,2,1,0
4.95,300,4,2,2,1
3.78,237,3,2,1,0
5.5,730,2,1,1,0
7.3,502,3,2,1,0
2.875,192,2,1,2,0
5.91,119,3,3,2,1
5,560,4,2,2,0
4.4,280,2,1,1,1
3.66,911,2,1,1,1
4.25,656,2,1,1,1
15.04,376,3,2,2,0
4.42,518,4,2,2,0
2.565,117,2,1,1,0
4.05,120,2,1,1,1
5.7,1679,2,1,1,1
4,737,4,2,2,0
18,885,3,1,2,0
4.5,306,3,2,2,1
3.7,386,3,2,2,0
4.45,1000,3,2,6,0
4.23,193,2,1,1,1
18,683,3,2,2,0
2.68,1217,1,1,1,1
4.4,916,2,3,2,0
3.87,643,3,2,4,0
3.25,1569,1,1,1,1
3.4,220,3,2,1,1
4.6,448,3,2,2,0
3.35,585,2,1,2,0
6.2,618,4,2,2,0
6.14,748,1,1,1,1
9.51,654,4,2,6,0
4.27,512,3,1,2,0
8,511,4,2,2,0
3.4,562,4,2,2,0
8.8,861,4,2,2,0
3.145,230,3,1,2,1
19.1,858,4,3,2,0
4.595,99,2,1,1,1
6.2,80,2,2,1,1
4.6,313,3,1,1,0
2.15,1747,2,1,1,1
4.66,543,3,2,2,0
4.15,153,2,1,1,1
3.5,402,3,2,2,0
5.1,560,3,2,2,0
10.96,650,4,2,2,0
60,1252,4,2,2,0
3.7,651,3,1,1,0
2.91,511,3,2,2,1
7.5,1626,3,2,1,1
3.4,276,3,2,1,1
10.38,675,4,3,2,0
3.45,620,3,1,4,0
3.49293,173,3,1,2,1
2.55,150,2,1,2,1
9.05,937,3,2,2,0
7.1,618,3,1,1,0
11.815,499,3,2,3,0
8.88,518,3,2,1,1
3.2,623,3,2,2,0
7.41,820,6,2,2,0
4.8,350,4,2,2,0
3.35,333,3,2,1,0
3.799,199,3,2,2,0
8.14,830,2,1,1,1
3.25,319,3,2,1,0
3.3,577,3,1,2,0
4.12,445,3,2,1,0
5.62,1937,2,2,1,1
4.0995,335,4,2,2,0
11.5,317,3,2,2,0
2.82,181,2,1,1,1
5.875,2236,2,1,1,1
5.85,444,4,2,2,0
8,424,4,3,2,0
2.7,569,3,1,2,0
4.55,653,3,1,4,0
3.2,479,3,2,2,0
9.62,547,3,2,2,0
4.275,567,4,2,2,0
3.9,604,3,1,2,0
5.2,300,3,2,2,1
5,760,3,3,2,0
6.91,636,3,1,1,0
3.5,569,3,1,1,0
4.595,208,3,1,2,1
22.5,255,4,2,2,1
3.325,620,3,2,2,0
4.3,267,3,2,1,1
6,603,3,1,1,0
4.115,627,3,1,2,0
7.5,541,4,2,1,0
5,935,3,1,1,0
3.3,623,2,1,0,0
5.6,307,3,1,0,0
5.26,469,2,1,3,0
7.4,328,2,1,2,0
3.5,697,2,1,1,0
3.43698,507,4,2,2,0
6.2,511,4,2,2,0
2.925,1492,1,1,1,1
3.23,3318,1,1,1,1
6.55,753,3,2,2,0
4.71,504,4,2,2,0
9,304,2,1,1,0
2.99,566,3,1,2,0
6.74,141,2,1,1,0
7.19,762,3,2,4,1
4.05,838,3,2,2,0
3.36,734,3,1,2,0
3.6,2812,2,1,1,1
2.4,580,3,2,2,0
5.82,679,5,3,2,0
9.6,485,3,1,1,0
4.2,648,3,2,2,0
3.1,424,3,2,2,0
9.67,585,3,1,1,0
3.61,217,3,2,2,0
3.8,1939,1,1,1,1
3.35,651,3,1,4,0
2.8,739,2,1,1,1
4.95,687,3,1,6,0
9.75,650,2,1,1,0
3.41,640,3,2,1,0
6.45,212,3,3,1,0
3.25,603,3,1,3,0
4.4,341,3,1,1,1
7,909,3,3,1,0
2.85,311,2,1,1,1
5.05,146,2,1,1,1
3.005,493,3,2,2,0
4.2,481,4,2,2,0
5.85,859,4,2,2,0
18.9,381,3,2,1,0
10.8,1626,3,2,2,1
5.5,573,3,1,2,1
2.28,1449,1,1,2,1
8,969,2,1,1,0
4,568,3,2,2,0
2.93,278,2,1,1,0
2,1778,2,1,1,1
5.7,560,4,2,2,0
12.66,644,2,1,1,0
6,646,3,2,3,0
4.15,400,3,2,2,0
4.8,881,2,1,1,1
6,690,3,1,1,0
3.5,374,3,2,2,0
5.2,1610,2,1,1,1
2.5,337,2,1,1,0
3.95,448,3,2,2,0
19.75,727,4,2,3,0
5.85,332,3,3,1,0
6.61,627,3,2,0,0
4.61,527,4,2,2,0
3.9,587,3,2,2,0
3.53002,503,4,2,2,0
8.77,465,2,2,2,0
6,577,3,2,1,0
7.4,628,3,1,1,0
4.055,1331,2,1,2,1
3.9,375,2,1,1,0
3.55,466,4,2,2,0
3.9,535,3,2,2,0
2.52,116,2,1,1,0
14,74,3,3,2,1
7.65,2034,3,2,2,1
3.85,400,4,2,2,0
2.6,613,3,1,8,0
30,797,4,3,2,0
5.5,576,4,2,2,0
5.14,612,4,2,2,0
2.92,1653,1,1,1,1
24,858,4,3,2,0
18.1,606,4,2,2,0
5.25,472,3,2,2,0
8.75,853,3,2,2,0
13.4,420,4,3,1,0
12.8,348,3,2,1,0
2.2,600,4,1,1,0
4.0275,2323,1,1,1,1
5.69,675,4,2,2,0
5.31,576,3,1,2,0
6.415,826,3,1,1,0
4.23,446,3,1,2,1
3.94,437,2,1,1,0
4.7,846,4,1,4,0
2.85,531,2,1,1,1
14.22,77,2,2,2,0
5.425,558,4,3,2,0
4.3,1363,2,1,1,1
4,2201,2,1,1,1
4.185,654,1,1,0,1
5.9995,343,3,2,2,0
4.15,587,3,2,2,0
3.3,610,2,1,4,0
4.975,706,2,1,1,1
4.2,1061,3,1,2,0
5.75,1410,2,2,2,1
15.5,792,4,1,1,0
10.16,702,3,2,2,0
3.95,623,3,1,2,0
5.75,699,3,2,2,0
3.5,594,3,2,4,0
2.79,1910,1,1,1,1
2.47,214,3,1,2,1
4.3,354,4,2,2,1
11.2,800,3,1,2,0
7.6,486,3,2,2,0
3.4,1975,2,1,1,0
25,3001,2,2,1,1
3.59,362,1,1,2,0
3.4,158,4,2,2,0
3.9,1314,3,2,2,0
2.7,175,2,1,1,0
16.75,507,3,2,1,0
6.5,483,4,3,2,0
6.75,427,4,2,1,0
3.8,584,3,2,2,0
4.8,259,3,2,2,0
3.125,529,1,1,1,1
4.2,531,4,2,2,0
3.4,374,3,2,2,0
2.29,399,3,2,2,0
6.1,776,2,1,1,1
5.89,495,2,2,1,1
8.6,676,3,1,2,0
15.3,359,4,1,2,0
4.19,418,4,2,2,0
7.51,608,5,3,2,0
2.2,162,2,1,1,1
6,542,3,1,2,0
6.72,1926,2,1,1,1
3.85,1511,1,1,1,1
3.314,314,3,1,3,0
6.125,141,3,2,1,1
8.215,577,3,2,2,0
3.9,632,4,2,2,0
8.8,656,4,2,2,0
8.5,459,3,1,2,0
4.25,415,4,2,2,0
18.96346,1340,3,2,2,0
4,541,4,2,2,0
2.80001,580,3,1,1,0
2.49995,621,3,1,4,0
9.5,154,3,2,2,1
6.9,383,3,1,2,0
3.35,732,3,1,3,0
4.9,448,4,2,2,0
5.3,1226,2,1,1,1
6.39,276,4,2,1,1
3.4,652,3,2,2,0
6.81,780,3,2,2,0
2.4,253,2,1,1,1
4.6,943,4,1,2,0
2.6,116,2,1,1,1
2.65,639,5,2,2,0
6.52,680,3,2,2,0
4.2015,654,3,2,2,0
5.15,573,4,2,2,0
3.201,829,3,1,4,0
4.25,2254,2,1,1,1
4.149,391,4,2,2,0
5.8,338,3,1,2,1
2.10252,938,2,1,1,1
3.425,562,3,2,1,0
3.44,640,3,2,1,0
6.52,565,2,2,2,1
2.8,310,2,1,4,0
5,855,3,2,2,0
4.05,758,1,1,1,0
2.09,399,3,2,2,0
4.855,1731,1,1,1,1
4,511,4,3,2,0
14.4,664,4,2,2,0
3.47,615,3,2,2,0
8.5,1269,5,3,3,0
3.3,467,3,2,2,0
3.9,741,3,1,1,0
3.71,600,3,1,1,0
4.25,892,4,2,2,0
3.37,684,3,1,2,0
4.329,375,4,2,2,0
7.31,657,3,1,1,0
3.37,570,4,2,1,0
8.8,543,4,1,3,0
6.51,175,2,1,1,0
9.6,616,3,2,2,0
4.31,508,3,2,2,0
10.9,457,4,1,2,0
5.1,336,2,2,1,1
2.65,370,3,2,1,1
8.35,254,3,2,2,1
6.75,227,3,2,2,1
2.5,300,2,1,1,0
5.3,655,3,1,2,0
25.25,669,4,2,2,0
3.41,253,3,1,1,1
3.5,763,4,2,2,0
2.3,57,1,1,1,1
2.73,137,2,1,1,1
6.2,1495,4,2,2,0
4.5,587,3,1,2,0
5.45,665,5,2,2,0
2.799,1747,2,1,0,1
4.6,209,3,2,1,0
4.85,93,2,2,3,1
7.5,189,2,1,1,0
3.6,951,1,1,1,1
2.15,932,2,1,1,1
3.6,595,3,2,2,0
6.75,170,3,1,1,0
14.3,656,4,2,2,0
3.965,575,2,1,0,1
3.37,191,3,2,1,0
2.75,537,3,1,2,0
3.85,604,3,2,2,0
4.38,968,2,1,1,1
2.65,738,3,1,1,0
12.4,308,3,2,2,0
4.4,1252,2,1,1,1
16.25,478,3,2,2,0
4.349,349,3,2,2,0
3.15,366,3,2,2,0
2.3,325,3,1,1,1
8.05,892,4,2,3,0
7.11,715,4,1,2,0
3.6,375,3,2,1,0
3.105,531,3,2,2,0
3.52,249,3,2,1,1
6.7,641,3,1,4,0
3.45,559,3,1,2,0
8.75,311,3,1,2,0
4.95,576,2,2,1,1
3.15,317,3,2,2,0
7.2,625,4,3,4,0
22.45,643,4,2,2,0
5.22,3043,1,1,1,1
16,396,3,2,3,0
8.14,134,2,1,1,0
3.95,711,3,2,6,0
3.3,392,3,2,2,0
4.66,632,3,1,2,0
4.95,92,2,2,1,0
16.1,713,3,2,3,0
4.8,432,3,2,2,0
3.65,448,4,2,2,0
3.3,320,3,2,1,0
4.05,320,3,2,1,0
11.62,697,2,1,2,0
6.7,733,2,1,1,0
3.6,524,4,2,2,0
23.05,780,3,2,3,0
7.81,98,3,2,2,1
9.1,702,3,2,2,0
33.9,820,5,3,2,0
3.55,208,3,2,2,1
6.85,594,2,1,1,1
3.475,410,3,2,1,0
2.55,594,3,1,1,0
6.2,2323,2,2,1,1
23.3,306,4,4,2,0
4.1,760,4,3,2,1
3.075,456,4,3,2,0
3.2,399,4,2,2,0
5.8,846,3,2,2,0
3.75,702,3,1,1,0
3.86,604,3,1,2,0
8.71,561,4,2,1,0
3.62,606,3,2,2,0
3.799,199,3,3,2,0
3.00125,637,1,1,1,1
3.15,653,3,2,2,0
3.349,170,3,3,2,0
6.27,281,3,1,2,0
3.49,600,5,2,5,0
3.4,270,3,1,1,1
3.305,939,2,1,1,0
5.3,582,3,1,2,0
3.55,3318,2,1,1,1
4.365,552,3,1,2,0
3.9,619,4,2,2,0
4.8,831,4,2,2,0
3.215,600,4,2,4,0
7.4,1524,2,2,1,0
2.62,580,3,2,2,0
6,133,3,1,1,1
4.3499,419,4,2,2,0
4.8,1249,2,1,1,1
4.3,2392,1,1,1,1
28,1021,5,2,2,0
3.25,270,3,2,1,1
3.2,181,2,1,1,1
3.75,613,3,1,1,0
5.81,648,5,3,2,0
7.65,240,2,1,1,0
3.00001,939,1,1,1,1
10.2,733,3,1,1,0
7.401,1245,3,3,2,0
2.9,778,1,1,1,1
14.05,855,4,1,3,0
4.6,163,2,1,1,1
2.92,138,2,1,1,1
3.65,2323,1,1,1,1
4.75,557,3,2,4,0
3.15,492,3,2,1,0
2.85,853,1,1,1,1
7.16,264,3,1,2,0
4.875,3003,2,2,1,1
7.2,193,3,2,2,0
3.2,1074,1,1,1,1
5.17,466,1,1,1,1
6.27,201,2,1,1,1
9.5,723,3,2,2,0
6.1,2060,2,2,1,1
2.8,155,3,1,1,1
5.55,315,2,1,2,1
5.5565,1293,2,2,1,0
3.383,187,3,2,1,0
2.999,172,2,2,1,0
4.55,830,5,2,3,0
2.25,666,2,1,1,1
3.05,582,3,2,2,0
4.5,509,2,2,1,1
16.7,181,4,1,2,0
5.7,500,4,2,2,0
4.8,701,3,1,3,0
5.8,501,2,1,2,0
2.72,1475,1,1,1,1
5,696,4,2,2,0
4.15,686,3,2,2,0
4.5,251,2,2,2,0
4.82,613,2,1,2,0
11.91,274,2,1,0,0
10.4,156,2,1,1,0
4.05,427,3,2,2,0
4.3,689,1,1,1,1
13.25,654,3,2,2,1
16.49,952,4,1,2,0
7.03,160,3,2,2,1
12.7,439,3,2,2,0
6.5,655,4,2,2,0
5.6,1159,4,2,2,0
7.51,725,4,1,2,0
6.95,691,4,2,1,0
4.6,134,2,1,1,0
3.68,1555,2,1,1,1
5.81122,1791,2,1,1,1
16.8,1287,3,1,1,0
3,582,4,2,2,0
4.65,557,3,1,2,0
6.1,463,2,1,1,1
5.99999,552,3,2,1,0
14.5,584,3,3,2,1
4.45,246,1,2,1,0
6.65,606,3,1,2,0
15.6,460,3,2,1,0
10,704,3,1,1,0
3.4,1167,2,2,1,0
2.6,580,4,1,2,0
8,691,3,3,4,0
8.675,530,4,2,1,0
9.1,2761,3,2,1,1
11.9,652,3,1,2,0
7.45,556,4,2,3,0
5.7,254,3,2,2,1
3.1,415,3,2,1,0
5.762,558,4,2,2,0
5.30888,678,3,1,4,0
2.98,296,3,2,1,1
21.75,618,3,2,2,0
2.87,756,2,1,1,1
3.06,249,3,1,1,0
6.65,209,3,2,2,1
4.8,614,2,1,2,0
7.1,697,2,1,2,0
2.8,180,2,1,1,0
3.3625,467,3,2,2,0
4.1,371,4,2,2,0
2.2,507,4,2,2,0
3.25,507,3,2,2,0
6.61,1947,3,2,2,1
4.4,666,3,2,2,0
3.2,1281,2,1,1,1
3.65,147,2,1,1,1
7.08,608,2,1,1,0
5.95,1947,2,1,1,1
2.8,534,3,1,2,0
17,506,4,2,2,0
5.78,143,3,2,1,1
6.18,244,2,1,1,1
2.9,306,3,2,1,0
6.2,275,3,1,2,1
3.19,357,3,2,2,0
3.89,439,4,4,2,0
3,650,3,2,1,0
3.5,722,3,1,2,0
3.75,599,3,1,1,0
4.375,350,4,2,2,0
4.5,1095,3,1,2,0
2.925,535,3,1,1,0
2.6,59,1,1,1,1
3.30002,382,3,2,2,0
2.75,134,2,1,1,1
9.1,653,4,1,2,0
4.8,603,3,2,2,0
5.1,400,3,2,2,0
2.25,195,2,1,1,1
4.22,239,3,2,1,0
4,638,4,2,2,0
7.3125,875,4,1,2,0
3.35,299,4,2,2,0
5.2,656,3,1,2,0
6.2,388,3,1,3,0
6.3,729,4,2,2,0
4.78,643,4,2,2,0
5,189,3,2,2,1
15,613,4,2,2,0
4.25,406,3,2,2,0
5.3,534,3,1,1,0
4.55,446,3,2,2,0
4.65,710,4,2,2,0
6.65,170,3,2,2,1
3.7,762,3,2,2,0
3.05,254,3,2,2,0
7.02,615,2,1,2,0
3.15,599,3,1,1,0
5.3,769,3,1,2,0
27,632,4,3,2,0
4.2,558,4,2,2,0
12.3,398,3,1,2,0
3.5,680,2,1,1,1
2.2,179,2,1,1,1
4.65,761,3,2,2,0
4.4,580,4,2,2,0
7.22,352,3,1,1,0
3.35,2643,2,1,1,1
3.28,526,3,1,1,0
3.35,506,3,2,2,0
3.8,503,3,2,2,0
4.2,477,3,2,2,0
2.5,300,2,1,1,0
5.84475,120,3,2,2,0
4.88,2105,2,2,1,1
6.53,602,3,1,1,0
3.38,648,2,1,1,1
3.5,506,4,2,2,0
3.05,1050,2,2,0,1
4.26,162,3,2,1,1
7,802,4,2,2,0
3.73,483,4,2,2,0
4.2,576,2,2,1,1
4.5,734,5,2,2,0
3.85,914,2,1,1,1
4.7,554,4,2,2,0
4.9,1827,2,1,0,1
3.525,962,1,1,0,1
6.2,606,5,2,2,0
6.59,159,2,2,2,0
6.9,824,3,2,1,1
4.98,231,3,2,2,1
9.6,683,3,2,2,0
3.08,572,3,2,2,0
4.6675,1319,2,1,1,1
4.25,448,3,2,2,0
2.45,220,3,1,1,1
6.5,221,3,1,1,1
3,525,3,2,2,0
2.7,2311,1,1,0,1
9.01,59,2,1,2,1
4.1,862,2,1,1,1
3.2,398,3,2,2,0
2.425,104,2,1,1,1
12.45,652,3,2,4,0
3.85,648,3,1,3,0
4.1,567,3,2,2,0
3.9,375,3,2,2,0
16.5,341,3,2,2,1
4.675,495,3,2,4,0
8.05,62,2,1,0,0
3.25,1654,2,1,1,1
5.2,2323,2,2,1,1
9.2,452,3,1,3,0
3.88,533,4,2,2,0
4.7,395,3,2,2,1
2.54,270,3,1,1,1
9.205,836,3,2,2,0
6.02,629,5,3,2,0
4.3,559,3,1,1,0
5.69,226,3,2,2,1
5.36,137,2,1,1,1
4,419,4,2,2,0
10.03,488,3,1,1,0
3.965,575,2,1,0,1
11.5,649,4,1,2,0
3.625,579,3,1,1,0
3.8,455,3,1,2,0
4.45,877,2,1,1,1
4.1,501,1,1,1,1
3.1,190,2,2,1,1
3.95,365,4,2,2,0
6.25,63,2,1,1,0
9.425,155,3,1,1,0
4.3,834,2,1,2,1
4.947,3003,2,2,1,1
4.57,760,4,2,2,0
2.92,576,2,1,1,1
3.95,585,3,1,2,0
3.8,451,4,2,2,0
2.4,264,2,1,1,1
52,1456,5,3,2,0
3,277,3,1,2,1
4.15,533,3,2,1,0
4.86,2323,2,2,1,1
3.7,683,3,2,2,0
2.3,1052,1,1,1,1
2.81,288,3,2,1,1
2.7,2107,2,1,1,1
3.275,650,3,2,1,0
4.8,680,4,1,1,0
3.55,335,4,2,1,0
2.8,245,2,1,1,0
6.9,255,3,2,2,1
5.25,509,2,2,1,1
3.35,2049,2,1,1,1
4.9,476,4,2,2,0
4.8,580,4,2,2,0
3.3,571,5,2,3,0
4.499,447,4,2,2,0
4.4,656,4,2,2,0
3.895,73,3,1,2,0
4.5,751,5,2,3,0
8.22,836,3,1,1,0
13,1271,2,2,1,1
6.4888,2192,2,2,1,1
4.02,526,3,2,2,0
10.8,658,1,1,3,0
4.4,400,4,2,2,0
4.15,366,3,2,1,0
4.42999,431,4,2,2,0
3.00005,722,3,2,1,1
5.50195,463,2,1,1,1
3.2,868,2,1,1,1
4.48,575,1,1,0,1
4.35,650,3,1,2,0
14.2,676,3,2,2,0
9.5,276,4,2,2,0
2.28,788,3,1,2,0
3.95,581,3,1,1,0
6,735,4,1,2,0
3.59,650,2,1,1,1
9.05,655,4,2,2,0
8.61,566,3,1,2,0
3.7,650,3,2,2,0
7.8,506,3,1,2,0
6.4,819,4,2,4,0
3.88,217,2,1,2,0
5.5,3094,3,1,1,1
2.64,366,3,1,1,0
6.16,523,2,2,2,0
4.4,628,4,2,1,0
3.575,190,2,1,1,1
2.9,785,3,2,2,0
2.23,987,2,1,1,1
2.125,500,4,2,2,0
19.5,282,3,2,3,1
3.15,212,3,2,2,0
3.8,490,4,2,2,0
9,85,3,3,2,1
19.62,186,3,2,2,0
4.08,982,1,1,1,0
7.2,465,4,1,1,0
8.39,1207,3,2,2,1
5.95,448,5,2,2,0
7,776,3,1,2,0
9.45,522,3,2,1,0
4.025,575,1,1,0,1
3.399,180,3,2,1,0
9.24,326,2,1,1,0
3.35,583,4,2,2,0
7.6,928,2,2,1,1
8.52,551,2,1,2,0
7.29,635,3,2,1,0
2.9,92,2,1,1,1
4.2,1290,2,1,1,0
7.1,494,2,1,1,1
2.98,536,3,1,2,0
3.45,644,4,2,1,0
7.1,483,3,1,2,0
6.4,800,3,1,2,0
5.1,784,2,1,1,1
3.4,562,3,1,1,0
5.22,595,4,2,2,0
7.65,1215,1,1,1,0
3.22,358,3,2,1,0
9.95,398,4,4,2,0
3.45,188,3,2,2,1
4.885,483,4,2,2,0
27,3043,4,3,2,1
2.95,599,3,1,2,0
4.6,448,3,2,2,0
26.07,2846,3,2,3,1
4.5,415,2,1,0,0
3.68,656,3,2,3,0
3.04,270,2,1,1,1
3.8,323,3,2,1,0
3.8,951,1,1,1,1
3.3,563,3,1,2,0
4.49,419,3,2,2,0
50.3,1030,5,4,4,0
3.28,327,3,1,2,0
5.2,687,4,2,2,0
6.1,836,3,2,4,0
3.65002,3318,2,1,1,1
23,553,3,2,2,0
3.6,605,3,1,1,0
3.6,530,3,2,4,0
2.91,143,2,2,1,1
3.75,642,3,2,2,0
8.27,668,3,1,2,0
9.6,306,2,2,1,1
3.45,3160,2,2,2,1
6.13,119,3,3,2,1
3.52,640,3,2,2,0
2.425,1610,2,1,1,1
11.8,828,4,2,3,0
2.49,150,2,1,2,1
4.56,940,1,1,1,1
6.5,167,3,2,1,0
4.48,1653,1,1,1,1
8.35,260,3,3,2,0
4.4,560,3,2,2,0
7.18,71,2,3,1,1
4.1,448,4,2,2,0
3.75,375,3,2,2,0
7.8,743,2,1,1,0
4.75,534,3,1,1,0
4.17,124,3,1,1,0
3.92,174,3,2,2,0
3,688,2,1,2,0
2.25,580,3,1,2,0
5.25,550,2,2,2,0
2.87,82,2,1,1,1
3.75,375,3,2,2,0
8.565,912,4,3,2,0
11,702,4,2,2,0
6.17,220,3,2,2,0
4.7,627,3,1,3,0
6.16,714,3,2,2,1
2.451,109,1,1,1,0
10.6,360,3,3,2,0
3.85,310,3,2,1,0
3.15,187,3,1,2,0
3.42,589,3,1,2,0
3.1,375,4,2,2,0
2.92,589,3,1,1,0
10,560,5,2,2,0
5.87,676,2,1,1,0
7.4,740,5,3,2,0
4.5,550,4,2,2,0
4.91,858,2,1,1,1
3.805,586,3,1,2,0
2.57,306,3,1,2,0
4.39,410,3,1,1,1
4.05,413,4,2,2,0
11.4,258,3,1,3,0
6.75,735,2,2,1,1
30,1330,3,3,5,0
10.65,662,3,2,2,0
2.1,95,2,1,1,1
10.55,653,3,1,2,0
3.59,609,4,2,2,0
5.855,577,3,1,2,0
5.65,141,2,2,1,0
4.458,162,3,2,1,0
5.85,696,5,2,3,0
7.74,175,3,2,1,1
7.2,465,2,2,2,1
12.9,364,3,2,2,1
3.3,195,3,2,1,1
4.08,602,2,1,2,0
3.85,1430,2,1,1,1
3.3,954,3,1,2,0
10.7,685,3,2,2,0
3.35,156,3,2,2,0
5.95,956,3,2,1,1
5.65,2000,3,1,2,0
10.4,557,3,1,1,0
6,251,3,1,1,0
3.75,526,3,1,2,0
3.725,2087,3,1,2,1
3.5,340,1,1,1,1
6.5,456,2,2,1,1
6.22,659,3,1,1,0
4.85,624,5,3,2,0
2.85,1309,2,1,1,1
2.66667,151,2,1,1,1
8.2,245,3,2,2,1
5.48,420,4,2,2,0
3.45,63,3,2,2,0
3.899,262,3,2,1,0
3.15,294,2,2,1,0
3.652,420,3,2,2,0
7.5,2127,2,2,1,1
3.67,788,3,1,1,1
5.79,1947,2,1,0,0
8.82,670,4,2,2,0
7.35,528,2,1,1,0
7.98,2274,1,1,1,1
4.355,975,1,1,1,1
4.125,806,3,1,2,1
5.32,263,3,1,1,0
4.55,485,4,2,2,0
11,492,2,1,3,0
6.72,138,2,1,2,0
3.35,507,3,1,2,0
3.65,227,3,1,2,0
4.55,126,2,1,1,1
4.375,480,3,2,2,0
4.5,687,4,2,3,0
3.18,293,3,2,1,0
4.599,419,4,2,2,0
8,705,3,1,3,0
3,157,2,1,1,0
4.3,600,2,1,2,0
4.81,604,3,1,1,0
7.6,238,4,2,2,1
7.5,654,5,2,3,0
8.02,506,3,1,2,0
3.4,1915,1,1,0,1
2.4,412,4,2,1,0
3.02,533,3,1,1,0
5.75,273,4,2,2,0
3.85,525,3,2,2,0
3.855,335,3,2,2,0
3.875,832,1,1,1,1
7.01,694,2,1,1,1
6.499,148,3,2,1,0
7.5,371,4,1,3,0
2.5,127,2,1,1,1
4.775,742,2,1,1,1
9.22,775,3,1,2,0
5.875,3003,2,2,1,1
6.8,515,2,2,2,0
3.6,293,3,2,1,0
3.37,435,3,2,2,0
5.17,812,2,1,1,1
35.05456,1011,3,3,2,0
4.26,2162,2,2,1,1
6.27,900,4,2,3,0
3.825,448,4,2,2,0
6.26,789,4,2,2,0
6.25,615,3,1,1,0
5.2,647,3,1,1,0
3.83,448,4,2,2,0
3,706,3,1,1,0
3.05,173,2,1,2,0
5.49,2162,2,2,1,1
6.6,726,2,2,3,0
3.35,135,2,2,1,0
30,336,3,3,6,0
3.4,197,3,2,1,0
3.799,177,3,2,2,0
5.1125,289,3,1,1,1
3.45,1782,2,1,1,1
6,129,2,2,1,0
3.52,657,3,2,2,0
4.26,567,3,1,2,0
2.51,580,3,2,3,0
3.89,277,3,2,2,0
4.67,576,4,2,2,0
3.56,534,4,2,3,0
3.5,190,3,2,1,0
14.4,562,2,1,2,0
4.408,188,3,2,1,0
3.15,448,3,1,2,0
9.45,350,4,2,1,0
5.62,297,3,1,2,0
5.05,2804,2,1,1,1
4,628,3,1,4,0
8.35,465,2,1,1,0
3.5,558,3,2,2,0
4.565,2127,2,1,1,1
3.9,1791,1,1,1,1
5.7,111,2,1,1,1
6.175,559,4,2,2,0
8.83,259,3,1,1,0
4.2,2505,1,1,1,1
8.88,412,4,2,1,0
18,2238,3,2,2,1
3.76,312,3,1,1,0
6.5,438,2,2,1,0
2.2,593,1,1,1,0
5.1,495,4,2,2,0
3.41,532,3,1,1,0
3.58,301,3,2,2,1
3.42,193,2,1,1,0
2.38,580,3,1,2,0
3.1,805,3,1,1,0
3,510,3,1,1,0
8.7,498,5,2,2,0
3.35,311,3,1,1,0
4.05,870,1,1,1,1
15.75,493,2,3,2,0
3.1,563,3,1,1,0
3.15,547,2,2,1,1
4,481,3,2,2,0
16.65,747,5,2,5,0
4.55,539,4,2,2,0
4.3,651,2,1,1,1
4.7,2127,2,1,1,1
3.8,189,3,1,1,1
5.41,465,4,2,2,0
5.17,3003,2,2,1,1
10.5,691,4,2,2,0
3.56,134,3,2,1,1
3.08,400,4,2,2,0
3.69,533,3,2,2,0
4.1,594,4,2,2,0
14.25,327,3,2,2,0
5.1,300,3,1,1,1
5.2,1164,2,1,1,0
2.95,182,2,1,1,1
4.2,761,5,2,4,0
3.7,576,3,2,1,0
4.62,238,1,2,2,1
5.63,3003,2,2,1,1
6.15,213,4,2,2,0
3.72,494,3,1,2,0
5.2,641,3,2,2,0
3.92,408,4,1,2,0
5.5723,1218,2,1,0,1
9.89,451,3,1,3,0
14.75,881,3,2,2,0
2.75,527,3,1,2,0
3.475,1653,4,2,5,1
3.7365,385,3,2,2,0
8.7,727,3,1,2,0
4.78,536,4,2,2,0
2.8,650,4,1,3,0
5.29,1280,2,2,1,1
5.92,950,2,1,2,1
3.7,541,3,1,3,0
23.5,506,5,3,1,0
7.93,998,2,2,1,1
10.23,975,3,1,2,0
5.45,598,4,2,2,0
5.375,2076,2,1,1,1
5,448,4,2,2,0
14.2,774,3,2,2,1
4.45,580,5,2,2,0
8.33,255,2,1,1,1
21.2,816,4,3,2,0
11.57,585,3,2,2,0
3.92,628,3,1,1,0
3.855,682,5,2,2,0
4.65,575,4,2,2,0
2.55,580,3,1,1,0
8.635,90,3,1,0,0
2.01002,1614,1,1,1,1
3.3,154,3,2,1,0
3.77,508,4,2,2,0
4.1,300,3,2,1,0
16.15,457,3,2,2,0
3.83,482,1,1,1,1
15.65,223,4,3,1,0
12.8,441,3,2,1,0
5.4,201,2,1,2,1
3.87665,725,3,1,2,0
2.999,212,3,2,1,0
5.54,607,4,2,2,0
3.3,390,3,1,2,0
2.35,118,2,1,1,1
5.2,784,2,1,1,1
6.12,2238,3,2,1,1
6.05,534,3,1,1,0
4.08,697,3,1,2,0
17.7,845,4,2,4,0
5.9,672,3,1,1,0
3.315,3318,1,1,1,1
4.55,814,4,2,2,0
4.165,465,3,1,0,0
4.25,399,2,1,1,0
8.7,2230,2,2,1,1
6.36,337,3,1,1,0
9.5,683,4,2,2,0
5.92,234,3,2,1,1
3.75,154,3,2,1,1
18.65,401,4,4,2,0
4.4,921,3,2,3,0
3.52,748,3,1,4,0
6.525,515,3,2,1,1
4.259,635,3,2,2,0
6.41,624,3,1,2,0
7.95,238,3,2,2,1
8.15,569,3,1,1,0
6.89,229,3,2,2,0
8.65,337,3,2,2,0
7.7,359,2,1,1,0
3.55,326,3,2,2,0
5.22,519,4,2,2,0
2.95,269,3,1,1,1
5.458,1020,5,2,2,0
7.425,188,3,1,1,0
15,697,3,2,2,0
4.2,573,3,2,1,0
3.7,445,3,2,2,0
3.55,537,3,1,4,0
25.5,479,3,3,2,0
3,2733,3,1,1,1
3.76,448,4,2,2,0
2.8,185,2,1,1,0
3.84,634,3,2,2,0
4.115,148,2,1,1,1
3.79,629,3,2,2,0
4.62,359,4,2,2,0
4.85,639,3,2,2,0
20.61,849,3,2,1,0
5.7,1248,3,1,2,0
2.47,163,2,1,1,1
4.68,171,3,1,2,1
6.4,702,6,3,3,0
3.45,697,3,1,4,0
3.94,536,2,1,0,1
4.56,594,3,1,2,0
2.75,388,3,1,1,1
7.94,663,3,1,1,1
22.2,202,4,2,1,0
2.6,225,2,1,1,1
16.125,302,3,2,2,0
6.9,729,4,2,5,0
2.6,743,1,1,1,1
3,530,3,1,2,0
6.4,942,4,2,2,0
5.5,649,4,2,2,0
4.45,704,2,1,1,1
12.8,701,3,3,3,0
6.5,697,3,2,2,1
3.55,312,3,2,2,0
2.602,300,3,1,1,0
6.85,421,3,1,1,0
5.98,66,2,2,1,1
17.5,660,3,1,2,0
3.5,882,3,1,1,0
3.33,313,3,2,1,0
5,894,3,2,2,0
48.6,1137,4,2,2,0
3.25,366,3,2,2,0
5.66,513,2,1,2,0
3.5495,324,4,2,4,0
4.2,1463,2,1,1,1
4.601,581,2,1,1,1
4.61,2309,1,1,1,1
4.1,400,3,2,2,0
4.75,465,4,2,2,0
5.13002,170,2,1,1,1
4.1,716,4,2,2,0
3.15,141,2,1,1,0
3,685,2,1,1,1
5.74,684,3,1,1,0
21,920,5,3,6,0
3.9,848,3,2,2,0
7.4,579,3,1,1,0
6.84,2896,2,1,1,1
2.95,665,4,2,2,0
4.6,92,3,2,2,1
10.3,463,3,1,3,0
5.975,179,3,2,2,0
10.3,859,2,2,1,0
4.25,1212,2,1,1,1
4.47169,476,4,2,2,0
4.995,292,3,1,3,0
5.04,983,2,1,1,1
4.25,610,4,2,2,0
4.45,473,2,1,1,1
4.35,955,3,2,3,0
6.45,587,4,2,2,0
7,736,3,1,3,0
5.3,635,4,2,2,0
4.42,1137,3,1,1,0
3.6,812,1,1,0,1
11.5,674,4,2,2,0
3.6,615,3,1,1,0
6.5,626,3,2,1,0
8.68,341,4,2,2,0
3.2,407,3,2,2,0
3.87,721,2,1,1,1
5.85,1420,2,1,1,1
3.1,607,3,2,2,0
6.45,751,4,2,4,0
3.6,594,3,1,2,0
17.5,1128,3,1,2,1
2.83,2974,1,1,1,1
5.1,703,3,1,4,0
6.42,2238,2,2,1,0
5.21,658,5,3,2,0
4.2258,132,2,1,1,1
2.3,672,1,1,1,1
9.3,627,3,1,1,0
5.7,325,3,1,1,0
6.9,244,3,2,1,1
4.125,550,3,2,2,0
8.9,705,3,1,4,0
5.45,576,4,2,2,0
6.5,1397,2,2,1,1
3.09,734,3,1,2,0
3.35,1181,3,1,2,1
4.6,448,1,2,2,0
3.5,2238,1,1,1,1
4.5,192,3,2,2,1
8.91312,365,3,1,2,0
12,733,4,3,2,0
2.55,260,2,1,1,0
4,605,3,2,2,0
5.55,408,3,2,2,0
11.525,554,3,1,1,0
5.45,607,3,2,2,0
8.98,380,3,2,2,0
4.1,594,4,2,2,0
3.05,1635,1,1,1,1
4.4,435,4,2,2,0
5.6,1085,2,1,1,1
2.9,551,3,1,4,0
8.31,594,3,2,2,0
3.33,240,3,2,2,0
7.11,387,3,1,1,0
4.01,313,2,1,2,1
4.65,350,4,3,4,0
6.2,923,3,2,4,0
4.7,453,2,1,2,1
4.26,558,4,3,4,0
6.4,3443,2,2,1,1
2.66,197,2,2,1,1
5.91,135,2,1,1,0
11.81,648,4,2,2,0
3.69,2607,1,1,1,1
16.3,604,3,3,2,0
3.92,385,1,2,2,0
4,543,3,2,1,0
3.23,650,3,2,2,0
3.025,1265,2,2,1,0
2.65,673,1,1,1,1
4.22,870,2,1,1,1
3.73,706,2,1,1,1
4.92,739,3,2,2,0
6.25,3182,2,1,1,0
6.81,908,3,2,1,1
3.30502,530,3,1,2,0
6.68,353,3,2,1,1
5,697,3,2,2,0
7.56,3037,3,4,2,0
4.9,1820,2,1,1,1
6.25,148,2,1,1,1
6.5,859,3,1,1,1
5.91,325,2,1,1,0
9.1,479,3,1,4,0
4,549,4,2,2,0
5.36,133,2,1,2,1
10,1236,3,1,1,0
2.9,330,2,2,1,0
5.555,2321,2,2,1,1
3.85,562,4,2,2,0
5.9,362,4,2,2,0
3.27,288,3,2,2,0
2.65,309,2,1,1,1
3.42,313,3,1,1,0
3.2,183,3,2,2,1
4.325,1752,2,1,0,1
4.9,962,2,1,0,1
15.2,684,3,1,0,0
5.66,576,2,2,1,1
5.8,1001,3,1,2,0
3.4,113,2,1,1,1
4.415,989,2,1,1,1
6.5,217,4,3,1,1
16.95,550,3,2,1,0
6.3,666,3,1,2,0
23.51,591,3,2,1,0
2.4,618,4,2,2,0
2.6,350,2,1,1,0
2.6,261,2,1,1,1
10,164,2,1,1,0
3.51,420,3,2,2,0
2.925,557,3,1,4,0
9.2,613,3,2,2,0
6.45,774,3,1,2,0
7.68,557,3,1,2,0
8.83,907,4,2,2,0
4,522,3,2,2,0
7.7,170,3,1,1,0
9.7,253,3,2,2,1
3.55,133,2,2,1,0
6,1731,2,1,1,1
3.85,300,3,1,1,0
3.4,413,4,2,2,0
5.125,1000,4,2,6,0
4.45,636,4,2,2,0
34.1,270,3,2,6,0
4.26,148,2,1,1,1
3.45,1531,3,2,1,0
10.8,688,4,2,2,0
7.85,744,2,1,1,1
6.725,464,3,1,2,0
6.15,384,3,1,1,0
5.805,669,3,1,4,0
3.5,607,4,1,4,0
2.85,576,2,1,1,1
8.9,297,4,2,2,0
2.81,333,2,1,1,0
5.32,851,4,4,2,0
14,880,3,2,1,1
3.25,700,3,2,2,0
2.75,1261,1,1,1,1
25.3,761,3,1,2,0
3.45,595,1,1,1,1
9.6888,836,4,2,2,0
4.79,1280,3,1,1,1
2,456,3,2,2,0
6.215,543,3,2,4,0
18.5,2018,3,3,2,1
3,483,3,2,1,0
3.15,596,3,2,2,0
4.85,152,2,2,1,0
7.25,2896,2,2,1,1
2.64,580,3,1,2,0
2.5,378,1,1,1,1
3.4,513,4,2,2,0
2.87,705,3,1,1,1
4.58,703,3,2,2,0
3.63,1937,2,2,1,1
4.3,568,4,2,2,0
5.18,651,5,2,3,1
3.25,543,3,1,2,0
3.55,2690,2,2,1,0
5.95,907,2,2,1,1
3.4,656,3,2,2,0
4.4,515,3,2,2,0
8.55,132,3,2,2,0
5.45,1363,2,2,2,1
5.9,404,2,1,1,1
3.4,595,1,1,1,1
3.3,513,3,2,2,0
5.27,534,3,1,3,0
19.75,441,3,1,2,0
22.15,873,4,2,2,0
5,610,3,1,2,0
3.73,371,3,1,1,0
6.7,334,2,1,2,0
4.66,1363,2,1,1,1
16.8,583,4,2,2,0
22.38,2846,3,2,2,1
14.4,725,5,2,2,0
4.46,2673,1,1,1,1
4.7,575,3,1,1,0
9.3,283,3,2,2,0
6.275,951,2,1,2,1
10,557,3,1,1,0
14.05,858,3,1,1,0
3.7,149,3,1,1,0
6.35,239,2,1,3,0
5.35,925,3,1,2,0
2.8,308,3,2,2,0
6.6,467,2,1,2,0
8.3,609,3,1,3,0
4.505,349,3,2,2,0
2.975,625,3,2,2,0
2.85,673,3,1,3,0
3.71,161,3,2,2,0
7.96,1418,3,2,3,0
2.05,419,4,2,2,0
2.7,1052,1,1,1,1
4.3,411,4,2,2,0
5.15,156,2,1,2,0
4.12,3388,2,1,1,1
4.1,873,1,1,1,1
38.5,1214,4,3,2,0
8.5,620,3,2,3,0
3.25,591,1,1,1,1
5.15,322,3,2,2,0
4.475,509,4,2,2,0
3.68,1969,1,1,1,1
4.4,692,3,1,1,0
3,325,3,1,1,0
3.6,300,3,1,1,0
3.67,2105,1,1,1,1
3,352,3,2,2,0
5.88,438,3,2,2,0
3.41,784,3,2,4,0
3.4,741,3,2,2,0
3.5,668,2,1,2,0
3.36,208,2,1,2,1
12.85,860,3,2,2,0
3.2,642,3,2,2,0
3.8,550,3,2,2,0
5.85,121,2,2,1,1
2.82,624,3,2,2,0
7.05,378,2,1,2,0
5.2,641,4,2,2,0
3.96,480,4,2,2,0
13.525,189,2,1,1,0
4.65,569,4,2,2,0
3.575,959,4,2,2,0
11.1,401,5,1,0,0
5.995,1960,2,1,1,1
6.05,648,4,2,2,0
3.68,186,3,2,2,0
2.96,420,4,2,2,0
8.35,446,3,2,2,0
4.55,632,3,1,3,0
4.77,3057,1,1,2,1
13.175,386,3,2,1,0
4.6,2201,2,1,1,1
6.1,388,2,1,1,0
11.89,771,3,1,1,0
5.25,826,2,1,1,1
6.833,341,3,2,1,0
5.22,703,4,2,2,0
3.2,663,3,1,1,0
3.35,762,3,2,2,0
7.41,145,2,1,1,1
3.63,536,3,2,2,0
3.6,189,3,2,2,1
5.9,772,4,3,2,0
16.5,690,3,1,5,0
5.45,238,1,2,2,1
7.615,534,3,1,2,0
5.225,213,2,2,2,0
2.88,864,4,2,1,0
5.485,226,2,1,1,0
4.05,346,3,2,2,0
6.25,427,3,1,1,0
4.7,872,1,1,2,0
3.65,732,3,2,2,0
3.8595,311,3,2,2,0
3.4,180,3,2,2,0
3.3,187,3,2,1,1
3.55,650,3,2,2,0
3.22,648,4,2,2,0
4.75,968,2,2,1,1
3.485,2275,1,1,1,1
6.6,263,3,2,1,1
4.825,1653,4,2,5,1
4.22,533,4,1,1,0
9.35,764,3,1,5,0
4.3,400,3,2,2,0
5.05,511,4,2,2,0
12.5,697,2,1,2,0
4.28,725,2,1,1,1
4.8,603,5,2,2,0
5.5,375,4,2,2,0
6.4,2769,2,1,1,1
5.3,400,3,2,2,0
3.97,312,3,2,2,0
3.86943,393,3,2,2,0
3.25,534,3,2,3,0
10,534,2,1,2,0
4.02,482,3,2,2,0
6.45,2703,2,2,1,1
4.45,462,3,2,2,0
5.05,1136,2,2,1,1
3.9025,634,3,2,2,0
5.15,676,3,2,2,0
5.6,318,4,2,2,0
5,400,4,2,2,0
3.75,648,3,1,2,0
3,589,3,2,1,0
5,852,2,2,3,0
5.45,1226,2,1,1,1
9.2,206,2,1,1,0
4.16,400,4,2,2,0
13.5,1626,3,2,2,1
4.15,434,4,2,2,0
11.05,523,2,2,5,0
4.15,475,3,2,2,0
3.75,389,4,2,2,0
4.55,1752,2,1,0,1
3.2,2623,2,1,1,1
3.8825,581,4,1,2,0
8.025,472,2,1,1,0
2.79,484,3,1,2,0
3.3,647,3,2,3,0
4.65,646,4,2,2,0
13.65,705,3,1,1,0
3.74,399,4,2,2,0
5.25,401,4,2,2,0
6.2,1752,2,2,1,1
2.1,418,1,1,1,1
5.65,70,2,2,1,0
6.6,782,4,2,2,0
3.34,691,3,1,2,0
4.0016,619,4,2,2,0
6.15,886,3,2,1,0
4.025,575,1,1,0,1
3.35,448,3,2,2,0
5.3,611,4,2,2,0
4.32,630,3,1,4,0
4.25,338,1,1,1,1
3.34,832,1,1,1,1
5.08,789,3,1,2,0
3.6,562,3,2,2,0
2.75,580,3,1,1,0
6.75,502,3,1,2,0
18.15,292,3,2,2,0
8.075,360,2,2,2,0
3.2,781,3,1,1,0
4.731,78,2,1,1,1
22.25,922,4,3,2,0
6.73,302,3,2,1,0
5.55,169,3,2,1,1
4.38,1951,2,1,1,1
4.75,510,4,2,2,0
17.19,858,3,1,2,0
3.2,532,3,2,2,0
4.25,824,3,2,2,0
24.5,332,4,3,1,0
3.57,650,3,1,1,0
6.8,540,4,2,2,0
4.97,1126,2,1,1,1
40.65,706,5,3,6,0
2.55,396,3,1,2,0
5.15,786,1,1,1,1
2.71,270,3,1,1,1
4.4,506,4,2,2,0
3.45,595,1,1,1,1
9.755,580,4,2,2,0
3.7,688,3,1,8,0
3.3,547,2,2,1,1
7.3,1032,5,2,2,0
3.55,1646,1,1,1,1
2.325,670,2,1,1,1
2.27,154,2,1,1,1
22,676,3,2,2,0
8.7,470,3,1,1,0
14.21,663,4,2,2,0
3.82,566,4,2,2,0
8.4,685,5,2,2,0
5.2,199,2,1,2,1
5.85,1071,3,1,1,0
2.63,170,2,1,1,1
4.8,176,2,1,1,1
4.05,127,2,1,1,0
2.9,561,3,1,1,0
3.65,1958,1,1,1,1
2.87,200,3,1,2,1
4.805,151,2,1,2,1
5.25,474,4,2,2,0
3.2,831,3,1,2,0
4.82,2416,2,1,1,1
3.9368,216,4,2,2,1
6,213,2,2,2,0
6.15,700,4,2,2,0
12.5,1705,3,1,1,0
14.3,330,2,2,2,0
3.9,390,4,2,2,0
3.55,635,4,2,2,0
5.1,255,2,1,2,0
3.69002,806,2,1,1,1
3.3,1110,1,1,1,1
4,2076,1,1,1,1
3.0305,157,3,2,1,1
5.8,191,3,2,2,0
4.59,400,4,2,2,0
3.125,610,4,1,2,0
4.97,651,4,2,2,0
2.7,241,3,1,1,1
5.05,589,3,2,2,0
16.1,534,4,2,4,0
3,762,3,1,2,0
4.5,850,3,2,2,0
8.6,377,3,1,2,0
17.9,669,4,2,4,0
7.2,163,3,2,1,0
6.88888,278,3,2,1,0
6.95,694,3,1,4,0
3.625,582,4,2,2,0
3.485,3318,1,1,1,1
3.05,244,3,1,1,1
4.95,703,4,2,2,0
3.2,840,2,2,1,1
4.32,94,3,2,1,0
5.31,167,2,1,1,1
3.78,2311,1,1,1,1
3.45,424,3,2,2,0
5.55,1037,3,2,2,1
3.975,1011,1,1,1,1
3.01,1010,2,1,1,1
3.575,850,2,1,2,1
4.971,110,2,1,1,0
4.3,601,3,2,2,0
13.5,516,3,2,2,1
4,663,3,2,2,0
6,490,3,1,3,0
5.25,580,4,3,2,0
3.25,218,3,2,2,0
4.4,805,4,2,2,0
4.9,2126,2,1,1,1
3.5,566,1,1,1,1
3.7,592,4,2,2,0
8.1,850,3,2,1,0
3.625,689,3,1,2,0
3,180,2,1,1,1
4.43,666,3,2,2,0
3.68,616,4,2,2,0
6.1,266,3,1,1,1
4.16001,512,4,2,2,0
4.59,666,3,2,2,0
6.5,686,3,1,1,1
8.15,245,3,2,2,0
4.65,254,2,1,1,0
3.28,595,1,1,1,1
2.75,525,3,1,1,0
3.6,271,2,1,1,1
3.825,785,3,1,2,0
4.3,250,3,2,1,1
4.57,1827,2,1,0,1
3.2,300,3,2,1,1
7.45,687,4,1,3,0
13.09,585,4,2,4,0
4.4,705,3,1,2,0
5.35,743,3,1,1,0
10,826,5,3,2,0
5,337,3,1,4,0
3.55,213,3,2,1,0
3.825,432,3,2,2,0
3.9,1910,2,1,1,1
4.25,448,3,2,2,0
2.5,289,3,1,1,0
2.55,816,2,1,1,1
6.85,604,3,1,2,0
7.3,855,3,2,2,1
5.8,635,2,1,1,1
5.1,3003,2,2,1,1
2.75,217,3,2,1,1
7.1,1000,3,3,2,0
10.75,1890,4,2,2,1
3.05,338,3,1,2,0
9,749,5,3,3,0
3.95,330,3,2,2,0
12.4,818,4,2,4,0
4.3,1731,1,1,1,1
5.71,1278,2,1,1,1
5.26,3003,2,1,0,1
23.15,578,3,1,2,0
7.85,498,2,1,2,1
6.175,149,3,1,1,0
2.77,829,4,2,2,0
4.175,988,2,1,1,1
8.38,2230,2,2,1,1
3.85,489,3,1,1,0
4.7,1752,2,1,2,1
3.9,998,3,2,2,1
8.58,332,4,3,2,0
10.08,838,3,3,2,0
7.12,1408,2,2,1,1
3.58,525,4,2,2,0
8.65,1138,3,1,1,0
3.23,1781,2,2,2,0
5.225,748,3,2,2,0
2.98,829,3,1,4,0
3.64,665,3,2,2,0
2.62,756,2,1,1,1
3.55,1969,2,1,1,1
2.94,400,3,2,2,0
3.4,300,3,2,1,0
8.74,295,4,4,2,0
6.925,176,2,2,2,0
4.75,462,3,1,2,0
6.88,612,3,1,1,0
4.45,602,3,1,4,0
13.3,339,4,3,2,1
3,368,4,2,2,0
3.15,528,4,2,2,0
2.65,1595,1,1,1,1
2.75,198,2,1,1,0
2.95,415,3,2,2,0
6.89,207,2,2,1,0
13.05,126,2,1,1,0
2.17,108,1,1,2,1
4.85,400,3,2,2,0
3.75,553,3,2,2,0
16.75,277,4,2,2,1
5.27,450,2,2,1,1
3.9,499,4,2,2,0
8,697,4,2,2,0
3.69,524,1,1,1,1
3.45,878,1,1,1,1
5.25,827,4,2,2,0
15.5,660,3,2,2,0
5.25,830,3,1,2,0
3.8,134,3,2,1,0
33.5,535,2,3,8,0
7.85,371,3,1,1,0
13.575,244,2,1,1,0
6.4,587,4,1,2,0
6.52,257,2,2,1,0
4.4,497,4,2,2,0
3.17,300,3,2,2,0
5.1,576,4,2,2,0
7.5,1017,4,3,3,0
8.425,326,2,1,1,0
6.28,211,2,1,1,1
18,1270,2,2,2,1
2.5,142,1,1,1,1
8.65,654,3,1,2,0
3.4,388,4,2,2,0
4.55,151,2,1,1,1
5.45,712,3,2,2,0
10.615,721,5,2,2,0
7.2,1626,2,2,1,1
6.2,318,4,2,2,0
3.4,585,3,1,1,0
3.65,508,4,2,2,0
4.78,545,4,2,2,0
3,493,3,1,2,0
3,202,3,2,2,1
3.85,590,3,1,2,0
3.43,530,3,2,2,0
7.35,483,2,1,1,0
5.1,643,3,2,2,0
3.09,624,3,1,2,0
4.25,537,3,2,2,0
3.65,1813,3,1,1,1
2.14,400,4,2,2,0
4.5,1906,2,1,1,1
3.6,178,3,2,2,1
8.4,690,3,2,6,0
8.5,238,2,2,2,1
8.6,751,4,2,3,0
4.4,201,2,1,1,0
4.7,448,4,2,2,0
8.05,1626,2,2,1,1
4.25,507,4,2,2,0
8.05,912,3,1,2,0
3.6,1000,4,2,2,0
3.85,594,3,1,2,0
4.15,1827,1,1,0,1
6.1,354,3,1,2,1
4.17,495,4,2,2,0
4.3,400,4,2,2,0
18.1,2846,3,2,2,1
5.55,499,4,1,2,0
3.12,573,3,1,2,0
2.56,645,3,1,1,0
4.02362,350,3,2,2,0
8.38888,669,4,1,2,0
3.85,199,3,1,2,1
4.5,696,5,2,2,0
3.5,514,4,1,2,0
13.1,510,3,2,3,0
3,355,3,2,2,1
5.275,703,2,1,1,1
5.38,361,3,2,2,0
2.495,641,1,1,1,1
5.45,588,2,1,1,1
7.3,177,3,2,1,1
8.897,848,3,2,2,1
3.88,2162,2,2,1,1
6.35,774,4,2,2,0
3.55,320,3,2,1,0
3.168,369,3,2,2,0
7.15,856,3,2,1,0
3.9,183,2,1,2,1
4.605,606,4,1,3,0
6.89,916,2,1,1,0
8.945,353,2,2,1,0
9.38,2306,3,2,1,1
4.8,713,3,2,2,0
5.76,291,2,1,1,0
4.2,576,4,2,2,0
16.91225,785,5,2,2,0
4.275,903,4,2,2,0
9.99,248,4,2,1,0
2.85001,1292,2,1,1,1
3.57,312,3,1,1,0
4.3,505,3,2,2,0
7.45,657,4,2,2,0
4,1308,3,2,2,1
11.62088,652,3,2,2,0
4.2,884,1,1,1,1
4.62,536,4,2,2,0
4.35,79,2,1,1,1
6.275,706,3,1,2,0
3.35,459,3,2,2,0
7,630,4,2,5,0
5.4,516,3,1,2,0
4.575,908,1,1,1,1
3.73,951,2,2,2,1
5.65,2127,2,2,1,1
5.4,757,3,2,2,0
11.34,575,3,1,1,0
4.39,508,4,2,2,0
4.375,300,3,1,1,0
17.61,610,4,2,3,0
3.05,413,3,1,1,1
12.605,559,4,3,2,0
10.4,613,4,3,3,0
3.765,528,3,2,2,0
5.05,343,3,1,2,1
2.5225,650,3,1,2,0
3.67,265,3,2,2,0
3.275,288,2,1,1,1
6.15,336,3,2,2,0
12.75,1670,3,2,1,1
3.7495,315,4,2,2,0
3.42,586,3,1,4,0
3.05,1382,2,1,1,0
3.1,640,3,1,2,0
2.66,584,3,1,3,0
30.84807,688,3,1,2,0
9.6,240,3,2,2,1
3.85,370,4,3,2,0
4.675,2126,2,1,1,1
2.89,1416,1,1,1,0
3.55,1564,1,1,1,1
3.95,448,3,2,2,0
3.92,313,4,2,1,0
6.45,604,3,1,2,0
4.79,1214,1,1,1,1
2.64,3481,2,1,1,1
22.25,425,3,2,1,0
9.3,650,4,1,2,0
5.32,576,4,2,2,0
4.2,832,4,2,2,0
7.525,343,2,1,1,0
2.6,1438,5,2,2,1
2.4,454,2,1,1,1
4.01,721,4,2,2,0
11.5,179,2,1,0,0
6.25,419,6,4,2,0
3.49,528,2,1,1,1
2.54,3437,2,1,1,1
6.55,600,3,2,2,0
8.176,1067,4,3,3,0
2.3,305,3,1,1,1
8.8,539,3,2,2,0
7.25,428,1,2,2,0
3.93,427,3,1,2,0
3.95,1969,1,1,1,1
2.7,1220,3,1,1,1
6.86,246,3,2,2,1
7.05,334,2,1,2,0
4.1,467,3,2,2,0
2.9,312,2,1,1,0
3.6,530,3,2,2,0
4.43,445,4,2,2,0
3.15,473,4,1,2,0
9,914,4,2,2,0
54.05,1213,2,1,1,1
2.87,448,2,1,1,0
4.99,238,3,2,2,1
34,780,4,3,2,0
4.95,620,3,2,2,0
3.6,657,2,1,1,0
13.1,592,4,1,2,0
8.29,268,3,1,1,1
4.55,145,2,1,1,0
3.6,142,2,2,2,1
3.25,342,3,1,1,0
2.75,1400,2,1,1,1
15.05,1076,4,3,2,0
8.12,724,2,1,1,0
4.22,582,4,2,2,0
4.385,1653,1,1,1,1
2.405,590,3,1,2,0
3.3725,2090,2,1,1,1
5.25,578,3,2,2,0
4.8,2439,2,1,1,0
4.4,350,3,2,2,0
2.7,391,2,1,2,1
3.05,151,3,2,1,0
3.85,966,3,1,1,0
5.25,146,2,1,1,0
6.3,358,3,1,1,0
4.01,1157,2,1,1,1
2.535,918,1,1,1,1
3.28,1074,3,1,1,1
2.85,700,3,1,2,0
3.15,242,2,1,1,1
10.5,749,4,3,2,0
2.9,313,3,1,1,0
4.5,946,3,1,2,1
4.1,431,4,2,1,0
2,560,3,2,2,0
2.87,300,2,1,1,1
5.58,529,2,1,1,1
17.75,647,4,3,2,0
4.62,448,3,2,2,0
5.69,1517,2,2,1,1
3.85,568,4,2,2,0
8.26,635,2,1,2,0
3.46,552,5,2,1,0
6.547,1027,2,1,1,1
4.55,538,3,1,1,0
3.95,326,4,2,2,0
6.05,518,3,1,2,0
4.915,300,3,1,1,1
4.45,488,1,1,1,0
13.8,613,4,3,2,0
3.66,438,4,2,2,0
2.8,535,3,2,1,0
4.9,651,3,2,2,0
6.955,529,3,2,2,1
2.25,245,3,1,1,1
3.45,143,2,1,1,1
20.4,743,3,1,1,0
6.68,460,3,1,1,0
7.51,412,3,2,1,0
3.61,348,4,2,2,0
4.25,1969,1,1,1,1
3.35,121,2,2,1,0
3.2,400,2,2,1,0
5.5,1779,1,1,1,1
4.55,231,2,1,1,1
3.2,534,3,1,1,0
2.97,719,3,2,4,0
5.9,1969,2,2,1,1
5.4,660,6,3,2,0
9.2,201,2,1,1,0
3.25,546,3,1,2,0
3.9,639,3,1,2,0
4.15,671,4,1,1,0
3.00005,325,2,1,1,1
5.2,121,2,1,1,1
5.5,266,3,2,1,0
7.2,440,3,1,2,0
18.9,1030,2,2,2,1
3.36,448,3,2,2,0
2.93,122,3,2,2,0
5.7,378,5,3,2,0
4.42,1074,2,1,1,1
12.855,696,4,2,2,0
11,697,3,2,3,0
3.95,1653,2,1,0,0
2.75,580,4,2,1,0
5.995,252,2,1,2,0
5.55,195,2,1,1,1
2.6,778,1,1,1,1
6.45,392,3,2,2,0
2.225,289,2,1,1,1
2,202,3,2,2,1
4.1,76,3,2,1,0
3.45,569,3,2,1,0
3.7,493,2,1,2,0
3.55,345,3,1,1,0
3.57,277,3,2,2,0
7.2,269,3,1,1,0
2.8,176,3,2,3,1
4.25,588,1,1,1,0
3.2,568,2,1,1,1
6.33,664,5,2,2,0
10.03,613,3,2,2,0
3.5,1000,3,2,4,0
16.2,351,3,2,2,1
3.9,400,3,2,2,0
5.28,3003,2,1,1,1
15.1,495,4,1,1,1
3.965,541,3,1,2,0
3.75,400,4,2,2,0
5.6,222,3,1,1,0
4.21,704,3,2,4,0
4.9,752,4,3,2,0
4.3,661,4,2,2,0
4.55,687,4,2,2,0
6.7,512,4,2,2,0
6.35,524,3,1,1,0
5.53,618,2,2,1,0
3.1,544,4,2,2,0
2.55,657,1,1,1,1
2.6,2336,2,1,1,1
13.705,506,3,3,1,0
5.3,603,4,2,2,0
12.75,320,3,1,1,0
3.7,262,3,2,1,0
6.7,848,3,2,1,0
3.18,455,3,1,1,0
3.83,447,4,2,2,0
5,397,4,2,2,0
8.35,905,4,2,2,0
2.3,660,3,1,1,0
10.24,237,3,3,2,0
3.7,583,3,2,3,0
3.05,2038,2,1,1,1
5.05,166,2,1,1,1
6.85,403,3,1,1,0
3.17,550,3,2,2,0
4.24,1105,1,1,1,1
3.3,709,3,1,1,0
6.4,1280,2,2,1,1
3.7,336,3,2,2,0
3.95,610,4,2,2,0
4.15,317,3,2,1,0
8.7,487,3,2,1,0
3.225,585,3,2,1,0
3.95,175,2,1,1,0
4.25,648,3,2,2,0
3.86,448,4,2,2,0
3.09,1239,1,1,1,1
5.175,402,2,1,1,1
2.7,149,3,1,1,1
6,1013,3,3,4,0
2.6,543,3,1,2,0
5.38,372,3,1,1,0
4.4,590,4,2,1,0
5.505,560,3,1,1,0
5.1,180,2,1,2,1
3.85,546,3,2,3,0
7.5,237,2,2,1,1
4.5,689,1,1,1,1
12.25,527,4,2,2,0
3.35,377,3,2,1,0
4.499,766,3,1,1,0
3.45,613,4,2,1,0
3.525,299,3,2,1,0
11.26,838,4,2,4,0
5.05,711,4,2,2,0
4.8,697,3,2,2,0
4.2,690,6,2,1,0
4.45,506,4,2,2,0
4.9,90,3,2,2,0
11.55,131,3,2,1,0
3.3,138,2,2,1,0
3.85,193,2,1,2,1
11.625,336,4,2,2,0
4.08,643,3,2,2,0
2.86,1294,1,1,1,1
4.3,642,3,1,1,0
3.6,574,3,1,2,0
7.7,511,3,1,2,0
3.2,124,4,2,1,0
8.8,557,3,1,1,0
5.66,568,4,2,2,0
2.3,534,2,1,1,0
3.795,587,3,1,2,0
4.375,989,1,1,1,1
3.645,575,1,1,0,1
6.25,684,2,1,1,0
3.27,536,3,2,1,0
2.33,750,3,1,1,0
4.5,576,3,2,2,0
3.35,210,2,2,1,0
6.0043,1575,1,1,2,1
2.7,1027,2,1,1,1
3.1,202,2,1,1,1
4.8,1023,2,1,1,0
3.8,1930,1,1,1,1
4.2,1639,2,1,2,1
5.85,790,4,2,2,0
5.1,805,3,2,2,0
3.35,155,3,2,2,1
6.2,697,3,1,3,0
4.7,800,4,2,2,0
5.2,685,3,2,3,0
8.21,502,3,1,2,0
7.65,173,2,2,1,1
3.75,375,3,2,2,0
3.14,194,3,2,2,0
2.15,580,3,1,2,0
3.3,357,3,2,1,0
2.6,707,4,3,2,0
2.25,3318,1,1,1,1
4.85,335,4,2,2,0
2.4,601,3,1,1,0
9,1000,4,2,2,0
6.85,656,4,2,3,0
16,1041,5,3,2,0
3.9,608,4,2,2,0
3.87,400,3,2,2,0
2.69,215,3,1,1,1
2.5,595,4,1,1,0
2.8,2767,1,1,1,1
10.75,993,5,2,2,0
10.85,468,3,1,2,0
5.7,557,3,1,1,0
11.825,139,2,1,1,0
2.48,580,3,1,4,0
9.5,461,4,3,3,0
4.05,543,3,2,2,0
3.28,1922,1,1,2,1
30,1557,3,3,3,1
2.04,448,4,2,2,0
9.3,693,3,1,2,0
4.43,350,4,2,2,0
9.5,546,3,1,2,0
3.895,81,3,3,2,1
3.39,313,3,2,1,0
5.4,500,4,2,2,0
6.75,1209,2,1,1,1
3.15,2463,2,1,1,1
3.6,475,3,2,2,0
11.8,813,3,2,1,0
4.21,703,4,2,4,0
3.2775,538,3,2,2,0
12.2,479,4,1,2,0
3.18,625,3,1,2,0
6.715,3003,2,2,1,1
5.07,868,3,1,3,0
5.2,663,4,2,2,0
3.1,1718,1,1,1,1
7.45,932,3,1,1,0
3.52,392,3,2,2,0
7.79,93,3,2,2,1
7.5,233,4,2,2,0
3.68,975,1,1,1,1
5.4,2574,1,1,1,1
3.1,1027,1,1,0,1
4.7,512,3,2,2,0
4.25,1511,1,1,1,1
7.65,807,4,1,2,0
25.25,697,4,2,3,0
2.9,1201,1,1,1,0
10.62,873,5,1,4,0
5.18,3003,2,1,1,1
4.87,1026,3,1,1,1
11.1,577,3,1,3,0
3,67,2,2,1,0
2.56,797,1,1,0,0
3.54,586,3,1,2,0
4.85,604,2,1,1,1
3.5,400,3,2,2,0
7.36,587,3,1,1,0
6.65,492,4,2,2,0
3.5,194,2,1,1,1
5.6,599,2,2,2,0
8.50001,702,3,1,2,0
4.4,529,2,1,1,1
9.75,932,3,2,2,0
2.29,447,3,2,2,0
7.15,543,2,1,1,1
3.8,607,3,2,2,0
6.2,828,3,2,2,0
19.8,948,1,1,1,0
17.5,752,3,1,2,0
5.35,560,4,2,2,0
2.835,570,3,2,2,0
6.05,941,2,1,1,1
4.8,2825,2,2,1,1
3.3,301,3,2,1,1
6.9,165,4,3,1,0
3.89,490,3,2,2,0
4.425,716,4,2,2,0
11.7,449,4,1,2,0
5.2,998,2,1,1,1
3.5,325,3,2,2,0
4.91,1115,2,1,1,1
5.3,894,4,2,2,0
2.75,1993,1,1,0,1
4.1,1011,2,2,1,0
12,780,2,2,2,1
3.9,648,3,2,2,0
5.95,604,4,2,2,0
5.65,762,2,1,1,1
3.6,525,3,2,2,0
3.3,2451,2,1,3,1
3.2495,303,3,2,2,0
6.76,695,3,1,1,0
3.3,213,3,2,2,0
7.25,648,4,2,2,0
13,1207,3,2,2,1
6.1,311,4,2,2,0
9.95,307,5,2,2,0
3.13,650,3,2,4,0
2.55,743,1,1,1,1
3.36,401,4,2,2,0
3.6,645,3,2,6,0
4.1,574,4,2,2,0
3.55,320,3,2,1,0
5.6,255,3,1,2,0
9.73,659,4,2,2,0
6.2,916,2,1,4,0
6.65,218,3,2,2,1
4.32,568,4,2,2,0
4.095,1653,1,1,1,1
6.82,517,3,1,4,0
11.6,470,2,1,1,0
6.8,2345,2,2,1,1
13.85,3009,3,2,2,1
2.56,546,3,1,1,0
2.45,160,1,1,1,1
2.75,184,3,1,1,1
4.6,330,2,1,1,1
4.45,620,3,1,1,0
3.5,352,3,2,1,1
29,2325,3,2,4,1
4.15,560,4,2,2,0
3.55,1074,3,1,1,1
6.2,527,2,2,2,0
5.7,1050,3,2,4,0
3.23,651,3,1,2,0
7.83,557,3,1,2,0
4.5,421,3,2,2,0
3.96995,409,4,2,2,0
4.495,883,3,1,2,1
7.3,820,3,2,6,0
6.25,438,5,2,2,0
4.425,176,3,2,1,1
8.3,1024,5,3,4,0
4.32,407,5,2,2,0
4.95,291,2,2,1,1
11.1,1055,4,3,6,0
3.9,515,3,2,2,0
12.25,404,5,4,2,0
3.8,450,4,2,2,0
5.915,427,3,1,2,0
2,484,4,2,2,0
4,481,3,2,2,1
3.75,563,3,1,2,0
6.43,2127,2,1,1,1
4.5,558,4,2,2,0
5,1055,1,1,1,1
4.94,915,4,2,2,0
3.38,110,3,2,1,1
3.55,626,4,2,2,0
13.7,378,4,3,2,0
6.5,581,2,1,1,1
14.3,84,4,2,1,1
4.51,1593,2,1,1,1
2.2,180,2,1,1,1
3.3,95,3,1,1,1
8.18,301,3,2,1,0
8.4,669,4,2,2,0
13.35,405,3,2,2,0
20.5,763,3,1,2,0
4.55,476,4,2,2,0
3.57,448,3,2,2,0
3.105,315,3,2,2,0
13,650,4,2,1,0
3.27,569,3,1,3,0
3.325,194,2,1,1,1
2.57,530,3,2,3,0
9.2,641,3,1,1,0
4.46,250,2,2,2,0
3.05,174,2,1,1,0
4.155,660,3,1,1,0
3.61,1009,2,1,2,1
4.51,1392,2,1,1,1
4.1,521,3,1,1,0
5.85,850,3,1,1,1
4.7,2785,1,1,1,1
4.1,608,3,2,2,0
4.3,412,2,1,1,1
8.01,282,2,1,1,0
2.35,749,1,1,1,1
6.8,510,3,1,1,0
2.85,377,3,2,2,0
6.35,972,2,1,1,1
19.45,461,4,2,2,0
3.7,585,3,1,3,0
6.42,553,3,1,2,0
3.67,544,4,2,2,0
3.65,1401,2,1,1,1
5.5,161,3,1,2,1
8.75,792,4,3,2,0
3.9,256,3,2,1,1
5.375,139,2,1,1,1
7.8,649,2,1,2,0
4.67,2896,1,1,1,1
4,531,2,1,1,0
4.55,333,4,2,2,0
6.9,582,4,2,2,0
3.22,650,4,2,2,0
3.55,191,3,2,2,1
4.5,152,3,1,1,0
8.15,613,4,2,1,0
4.85,671,3,1,1,0
7.35,640,5,3,2,0
4.25,464,3,1,1,0
16.3,708,2,2,1,0
2.62,542,3,1,2,0
3.24,165,2,1,1,0
6.53,2323,2,2,1,1
6.805,2238,2,1,1,1
3.65,455,3,2,2,0
5.35,2781,2,1,1,1
4.6,672,3,2,2,0
8.4,277,3,3,2,1
3.7,719,3,1,1,0
4.31,1228,2,1,1,1
8.56,811,4,2,2,0
3.05,148,2,2,2,0
3.6,530,3,2,2,0
4.06,906,2,1,1,1
3.35,266,2,1,1,0
5.6,588,2,1,1,1
6.05,414,3,2,2,0
3.02,313,3,2,1,0
4.85,613,4,4,2,0
4.355,513,3,2,2,0
7,395,3,2,1,0
3.4,428,3,2,2,0
6.09,1349,2,2,1,1
12.35,425,4,3,2,0
3.6,192,3,1,1,1
3.495,535,3,2,2,0
6.15,186,4,2,1,0
3.7,169,3,2,2,0
10.25,295,2,2,2,0
6.2,160,2,2,2,0
6.96,797,4,4,2,0
6.5,831,5,2,2,0
6.65,439,4,2,2,0
7.2,576,6,4,2,0
6.5,1641,2,2,1,0
2.65,697,3,1,1,0
6.79,238,3,2,2,1
6.92,767,4,2,5,0
9.5,518,2,2,2,0
3.6,642,3,2,2,0
3.3,2647,1,1,1,1
6.65,110,3,2,2,1
3.35,290,3,2,2,1
3.6,432,4,2,2,0
6.085,360,2,1,1,0
3.63,512,4,2,2,0
35,960,4,3,3,0
2.23,316,1,1,1,1
7.72,514,3,1,2,0
4.9,741,3,2,2,1
4.1,535,3,1,1,0
5.9,1282,2,1,1,1
3.3,220,3,2,2,1
3.705,1910,2,1,1,1
5.15,173,2,1,1,1
6.4,805,4,2,3,0
5.99,570,4,2,3,0
8.1,321,2,1,2,0
6.05,664,3,1,2,0
4.63,2127,2,1,0,1
2.6,174,3,1,1,1
3.6,402,3,2,1,0
6.125,564,2,1,1,1
4.37,1782,1,1,1,1
8.65,543,3,2,1,0
3.7,480,3,2,1,0
3.65,576,3,2,2,0
5.65,667,4,3,2,0
3.25,157,2,2,1,0
5.32,763,3,1,1,0
5.16,576,4,2,2,0
6.19,1947,2,1,1,0
4.4,551,3,2,2,0
3.075,1601,1,1,1,1
2.92,126,2,1,1,1
4.55,425,3,2,2,0
7.85,340,2,1,2,1
3.7,509,1,1,1,1
8.07,481,3,1,2,0
3.95,334,4,2,2,0
10.25,342,2,1,3,0
5.3,215,2,1,1,1
4,195,3,2,1,1
5.6,512,4,3,2,0
4,321,5,2,2,0
4.05,1026,1,1,0,0
8,691,3,2,2,0
10.8,703,3,2,2,0
4.85,229,2,1,1,1
5.7,570,2,1,2,0
13.55,358,3,2,1,1
4.7,202,2,1,1,1
6.64,694,3,2,1,0
16.25,256,2,1,1,0
28.5,656,4,2,4,0
9.22,301,4,2,2,1
5.25,358,2,1,1,0
9.265,233,2,1,1,0
8.9,506,3,2,2,0
4.86,396,5,2,2,0
5.5,909,2,1,2,1
5.18,125,2,1,2,1
3.5,452,4,2,2,0
3.95,3097,2,1,1,0
8.425,575,6,2,1,0
4.2,312,3,1,1,0
2.52,857,1,1,1,1
30.5,877,3,2,5,0
4.3,630,3,2,4,0
4.1,425,3,2,2,0
2.725,2311,1,1,1,1
46,650,4,3,4,0
7.65,739,5,2,2,0
3.8,1827,1,1,0,1
9.45,209,2,1,1,0
3.185,448,3,2,2,0
3.75,621,3,1,2,0
3.15,553,3,1,2,0
11.2,526,2,1,2,0
14.661,818,4,2,2,0
7.02,149,3,2,2,1
4,682,4,2,2,0
11.68,702,3,1,4,0
2.5,2323,1,1,0,1
12.65,543,4,3,2,0
20.2,694,3,2,2,0
4.8,567,5,2,2,0
3.5,594,4,2,2,0
65,654,4,3,5,0
3.05,589,3,1,2,0
4.1,400,4,2,2,0
3.975,978,3,2,5,0
5.2,768,2,1,1,0
3.55,343,3,2,1,0
2.25,312,3,2,1,0
4.08,480,4,2,2,0
5.98,1423,2,2,1,1
9.1,640,3,1,1,0
8.91,553,3,1,2,0
15.1,500,4,3,2,0
8.9,463,3,1,1,0
4.4,392,4,2,2,0
6.1,1017,3,1,2,0
2.35,204,3,1,1,1
2.75,785,3,2,4,0
4.5,448,3,1,2,0
3.705,642,3,1,2,0
3.13,326,3,2,1,0
5.26,750,3,2,3,0
5.6,78,2,2,2,1
5.1,668,4,2,2,0
3.15,678,1,1,1,1
9.86,470,2,1,1,0
3.475,702,3,2,2,0
27.45,650,4,2,3,0
15.26,951,3,2,2,0
7.1,893,3,2,6,0
5.45,640,4,2,2,0
3.76,179,2,1,1,1
4.1,551,4,1,1,0
3.56,377,3,2,2,0
7.1,604,3,2,3,0
3.475,603,2,1,1,1
4.2,196,3,2,2,0
3.72,500,3,2,2,0
5.7,557,3,1,2,0
4.1,653,4,2,2,0
5.15,1056,2,1,1,1
20.3,596,4,2,2,0
2.2,372,2,1,1,0
3,1149,3,1,1,0
2.825,580,3,1,1,0
3.35,707,3,2,2,0
5.7,753,3,2,2,0
2.1,580,3,1,1,0
7.25,722,3,2,3,0
2.7,1219,2,1,2,0
2.45,1697,1,1,1,1
4.6,669,4,2,2,0
3.55,650,4,2,4,0
6.3,999,2,2,1,0
6.15,246,3,2,2,1
8.18,689,5,3,4,0
7.5,483,3,1,2,0
3.4,181,2,1,1,1
7.8,531,2,1,1,0
3,931,2,1,1,1
3.749,349,4,2,2,0
3.85,334,4,1,1,0
3.35,675,2,1,1,1
6.45,112,2,1,1,1
3.85,537,4,2,2,0
9,86,2,1,1,0
7.63,907,3,2,1,1
3.6,488,1,1,0,1
7.17,343,3,1,1,0
5.8,2162,2,2,1,1
3.27,606,3,1,1,0
4.22,250,2,2,2,1
5.55,2038,2,1,2,1
7.1,456,2,2,1,1
5.15,608,5,2,2,0
3.1,580,4,2,2,0
3.75,889,2,1,1,1
15.855,497,2,2,2,0
9.6,582,4,1,1,0
3.22,350,3,2,2,0
11.62,506,2,1,2,1
9.6,399,3,1,2,0
2.78,177,2,1,1,0
5.28,167,2,1,0,0
3.7,780,3,1,1,0
3.708,1214,1,2,1,1
5.76,188,3,2,1,0
8.38,858,4,3,1,1
4.35,658,4,2,2,0
6.3,188,4,2,2,0
6.55001,918,6,3,3,0
6,146,2,1,2,1
5.25,172,2,1,1,1
4.975,777,4,2,2,0
5.605,707,4,2,2,0
13.1,412,4,2,3,0
4.69,2896,1,1,1,1
3.65,713,3,2,6,0
3.75,945,2,1,1,1
10.55,649,4,2,2,0
7.1,2844,3,1,1,1
4.55,1029,3,2,2,0
3.5,856,3,2,2,0
2.85,975,3,1,1,1
2.77,630,3,2,2,0
3.99,1781,2,2,2,0
5.405,564,2,1,1,1
3.885,639,3,1,3,0
36.75,915,2,3,2,0
3.77,656,4,2,2,0
2.275,974,2,1,1,1
2.4,191,2,1,1,1
5.38,595,3,2,2,0
3.15,553,3,1,2,0
4.2,726,5,3,2,0
4.95,983,3,1,1,0
9.25,2248,2,1,1,1
4.3,367,3,2,1,0
6.5,1000,4,2,4,0
7.6,423,3,1,2,0
3.85,881,2,1,1,1
4.9,1338,2,1,1,1
9.35,276,4,2,2,1
6.32,436,3,1,1,1
5.3,595,4,2,2,0
6.2,1140,3,2,2,1
3.66,600,3,2,2,0
2.04,448,4,2,2,0
4.7,400,4,2,2,0
3.5,301,3,2,1,0
33.15,685,3,4,3,1
2.775,563,4,2,2,0
3.45,307,3,2,1,0
2.6,483,1,1,1,1
6.75,2340,2,2,6,0
5.53,648,4,1,2,0
2.95,656,4,1,1,0
4.7,540,4,3,8,0
5.315,472,2,1,2,0
24.3,469,5,3,2,0
4.225,627,4,2,2,0
23.45,761,5,3,2,0
6.695,340,2,1,1,0
14.5,183,3,3,1,1
14.5,164,2,2,1,1
4.41,480,4,2,2,0
9.25,857,5,4,3,0
4.3,719,4,2,2,0
2.9,542,3,1,2,0
4.65,395,5,3,2,0
6.7,939,3,1,4,0
4,1500,4,2,2,0
3.6,730,3,2,2,0
4,639,3,1,2,0
2.4,105,2,1,1,1
5.025,512,4,2,2,0
3.3,662,3,1,1,0
3.5,793,4,2,1,0
5.8,127,3,1,1,1
4.27,1653,1,1,1,1
4.975,400,4,2,2,0
4.6,650,3,2,2,0
3.52,600,4,2,2,0
4.83,2896,1,1,1,1
5.6,647,4,2,1,0
14.4,654,4,2,1,1
11.3,671,4,2,1,0
3,300,2,1,1,0
3.65,534,3,1,2,0
2.9,616,4,2,3,0
7.11,405,3,1,1,0
4.32,760,4,2,3,0
5.4,791,3,1,2,1
11.4,1670,3,2,1,1
3.55,158,3,2,1,0
5,488,4,2,2,0
5.05,803,4,2,2,0
3.3,554,4,2,2,0
3.66,300,3,2,1,0
5.02,865,2,1,1,1
6.7,350,2,3,2,0
5.88,183,3,2,2,1
3.075,454,3,1,1,0
7.75,165,4,3,1,1
5.05,488,3,1,1,1
4,457,1,1,1,1
3.7,624,4,2,3,0
4.05,240,2,1,1,0
6.49,375,3,1,2,1
9.8,476,2,2,1,0
4.76,169,2,1,1,1
4.25,254,3,2,2,1
2.53,536,3,2,1,0
6.62,3003,2,2,1,1
3.82,603,3,1,2,0
6.65,1012,3,2,1,1
4.15,851,4,2,2,0
3.67,500,3,2,2,0
2.925,588,3,1,2,0
5.15,132,2,2,1,1
7.47,753,3,2,2,0
6.6,545,3,1,2,1
5.625,405,4,2,2,0
3.85,522,3,1,2,0
4.5,595,4,2,2,0
4.88,396,4,3,2,0
3.465,539,3,1,3,0
5.5,336,3,2,1,0
3.62,682,3,1,2,0
6.39114,2896,2,2,1,1
3.77,375,3,2,2,0
3.5698,232,3,2,1,1
3.375,465,3,2,2,0
12.5,735,3,1,1,0
4.2,428,4,2,2,0
3.26,59,1,1,1,1
7.5,166,2,1,1,1
3.1,287,3,2,1,0
3.1,341,2,1,1,0
3.11,654,3,2,1,0
2.275,1410,1,1,1,1
4.125,678,3,2,2,1
8.5,525,3,1,1,0
29.01,827,4,2,2,0
8.15,264,2,2,2,1
20.7,419,4,2,2,0
4.15,2343,1,1,1,1
5.575,884,3,1,2,0
5,849,4,2,2,0
4.25,1939,2,1,1,1
3.55,832,1,1,2,1
2.92,656,3,2,2,0
2.95,663,3,2,1,0
3.4,160,3,2,1,1
7.55,779,4,4,8,0
3.75,591,4,2,1,0
3.8,212,3,2,2,0
3,630,3,1,3,0
2.8,187,2,1,1,1
4.6,583,3,1,1,0
4.45,963,2,1,1,1
6.25,1020,5,2,4,0
10.5,1948,4,2,2,0
3.4,668,3,2,1,0
2.28,580,3,1,1,0
4.95,923,3,2,2,0
14.6,199,1,1,2,1
5.8,118,2,1,2,0
4.875,703,4,2,2,0
3.08,366,1,1,1,1
6.5,483,3,2,2,0
4.15,54,3,1,1,1
4,703,4,2,2,0
4.38,656,3,2,1,0
22.3,216,3,2,2,0
4.45,543,1,1,1,1
4.47,794,2,1,1,1
12,234,3,1,1,0
3.58,825,2,1,1,1
2.9,804,3,2,4,0
4.5,509,2,2,1,1
3.4,223,3,2,3,1
4.8,694,1,1,1,1
5.85,177,2,2,1,0
22.2,557,3,1,2,0
2.5,580,3,1,2,0
7.1,2392,2,2,1,1
10.25,623,2,2,2,1
3.3,232,3,2,2,0
4.14,760,3,2,5,0
3.1,602,3,2,2,0
8.255,608,3,2,1,1
4.5,136,2,1,2,1
14.5,1180,3,2,4,0
5.995,215,3,1,1,1
4.645,575,2,1,0,1
3.3,325,2,1,1,1
5.91,379,3,2,2,1
3.65,203,3,2,1,0
18.05,667,5,2,2,0
3.42,188,3,2,1,1
4.6,900,4,2,3,0
3.89,375,4,2,2,0
5.3,550,2,1,1,1
4.55,424,4,2,2,0
15.825,402,3,2,2,0
3.47,300,4,2,2,0
3.15,793,3,1,2,0
3.625,413,3,1,2,0
4.57,607,3,2,2,0
3.6,293,3,2,2,0
4.7,353,2,2,1,1
7.85,518,2,2,4,0
5.3,108,3,2,2,0
8.9,2535,2,2,2,0
6.6,450,2,2,1,1
4.92,483,2,1,1,0
3.4,629,3,1,1,0
5.07,579,3,1,1,0
5.085,668,4,2,2,0
2.75,2336,2,1,1,1
3.9,300,2,1,1,0
3.81,3318,2,1,1,1
6.2,479,3,1,2,0
4.1,697,3,1,1,0
4.05,546,3,2,2,0
3.27,570,3,2,2,0
2.82,539,3,1,1,0
9.04,557,2,1,3,0
7.5,335,5,2,1,0
6.5,396,3,2,1,1
4.25,640,4,2,8,0
3.45,2117,2,1,1,0
3.2,312,3,1,1,0
8,212,3,2,2,0
7.11,725,3,1,2,0
5.9,1208,2,1,1,1
2.85,568,3,1,2,0
5.01298,578,3,1,4,0
3.85,385,3,2,2,0
4.05,650,4,1,2,0
4.955,635,4,2,5,0
4.15,2127,1,1,0,1
2.8,530,3,2,2,0
4.93,2028,2,1,1,1
8.92,247,3,1,1,0
9.125,730,2,2,3,0
2.92,547,3,2,1,0
28.2,1012,5,4,2,0
18.52,338,4,2,4,0
2.4,1475,1,1,1,1
3.3,247,3,2,1,0
4.5,459,4,2,2,0
4.1,1674,2,1,1,1
4.02,1939,2,1,1,1
4.02,146,2,1,1,1
4.2,1410,2,1,1,1
4.65,394,3,2,2,0
7.2,266,2,1,1,0
3.25,104,2,1,1,1
3.1,231,2,1,1,1
5.19,596,3,2,2,0
2.5,217,2,1,1,1
5.663,111,3,1,2,0
6.35,545,5,2,2,0
3.25,390,3,2,2,0
4.46,158,3,1,1,0
5.5915,685,2,1,1,1
3.2,2691,2,2,1,1
5,544,4,2,2,0
3.475,276,3,2,2,0
2.7,222,3,2,2,1
5.45,801,4,2,2,0
15.7,517,5,2,1,0
5.15,458,3,2,2,0
3.45,401,4,2,2,0
3.45,659,3,2,2,0
4.3,655,4,2,2,0
15.6,702,4,3,2,0
3.5,675,2,1,1,1
2.55,1722,2,1,1,1
3.42,588,3,2,2,0
3.35,545,3,1,2,0
5.35,525,3,2,2,0
4.975,679,3,2,1,0
8.35,659,4,2,2,0
4.41,600,2,1,2,0
12.25,431,3,2,2,1
6.15,393,3,1,1,0
8.925,1093,3,2,2,1
3.42,500,3,2,4,0
9.5,1056,2,2,2,1
4,951,1,1,2,1
4.7,900,4,3,5,0
20.5,552,4,2,2,0
4.5,670,4,2,2,0
3.7,445,4,2,2,0
4.055,350,3,2,2,0
6.8,848,3,2,2,1
16.65,819,2,3,2,0
2.75,782,3,1,1,0
5.17,160,3,2,1,1
4.81018,808,2,1,1,1
2.4,252,2,1,1,0
2.85,735,3,2,1,0
3.2,1237,1,1,0,1
6.05,2127,2,2,1,1
9,482,4,2,1,0
12.05,465,4,2,2,0
11,284,2,1,2,0
5.38,304,3,1,1,1
5.2,600,4,2,2,0
4.15,800,4,2,2,0
4.825,578,3,2,2,1
5.85,1752,2,1,1,1
7.005,739,3,2,2,1
3.6,495,3,2,2,0
3.35,466,3,2,2,0
4.65,586,4,2,2,0
28.1,521,5,4,2,0
3.8,350,3,2,2,0
4.8,490,2,1,1,1
3.75,659,5,2,1,0
8.8,166,3,2,1,1
6.5,201,2,1,1,1
55,1459,3,4,2,0
10,464,3,2,2,0
2.4,241,3,1,1,1
3.67,648,4,2,2,0
3.05,200,2,1,1,1
3.25,696,3,1,4,0
7.3,144,3,2,1,1
6.98,608,3,2,2,0
3.99,400,4,2,2,0
3.56,456,3,2,4,0
17.55,540,4,2,2,0
3.5,195,3,1,1,0
3.65,573,3,2,2,0
3.85,356,3,2,1,0
6,379,3,1,2,0
3.125,568,3,2,2,0
3.12,525,3,1,1,0
3.625,448,4,2,2,0
3.35,428,3,2,2,0
7.61,597,3,1,2,0
3.6,370,3,2,2,0
3.75,399,3,2,2,0
3.725,839,3,1,2,0
3.749,350,4,2,2,0
4,479,4,2,2,0
3.9,538,4,2,2,0
6.9,651,3,1,2,0
2.65,918,3,1,1,0
3.5,544,3,2,2,0
12.82,244,2,1,1,0
3,426,4,2,2,0
8.45,556,3,1,1,0
3.5,512,3,2,2,0
4.2,447,3,2,2,0
6.5,639,3,1,3,0
6,2238,2,2,1,1
5.2,548,3,2,4,1
3.45,158,2,1,1,0
3.55,2458,1,1,1,1
5.215,573,2,1,4,0
4.075,2825,1,1,1,1
3.92,881,3,2,2,0
4.35,739,3,1,1,0
6.62,878,3,2,2,0
4.6,400,4,2,2,0
3.38,265,3,1,2,0
3.8,2211,3,1,2,1
4.17,577,3,1,1,0
4.7,112,2,1,1,0
4,148,3,1,1,1
4.55,2323,1,1,1,1
3.58,649,4,1,2,0
16.75,1207,3,3,2,1
3.8,734,1,1,1,1
39.85,722,5,4,4,0
7.3,107,4,3,1,1
3.3,144,3,1,1,1
4.3,627,4,2,2,0
3.9,399,4,2,2,0
2.9,217,2,1,2,0
2.125,131,2,1,1,1
4.2,515,4,2,2,0
13.75,895,5,4,2,0
9.15,325,3,2,1,0
3.95002,495,3,2,2,0
6,718,1,1,2,0
3.895,1653,1,1,1,1
2.92,279,2,1,2,0
4,162,3,2,1,1
6,1427,4,2,2,0
3.6,561,2,1,1,1
2.9,543,3,2,1,0
23,608,4,2,2,0
9.62,749,3,1,3,0
5.45,2804,2,1,1,1
6.86,132,2,1,1,1
2.91,219,3,2,1,0
3.65,630,4,2,2,0
3,745,3,2,2,0
3.05,500,3,2,2,0
3.6,350,4,2,2,0
9.38,728,2,2,1,1
4.9,960,3,2,2,0
3,215,3,1,1,1
2.045,570,3,1,1,0
3.65,746,3,2,1,1
3.4,581,3,1,1,0
3.8,693,4,1,2,0
9.15,735,3,2,3,0
11.2,595,4,2,2,0
3.1,120,2,1,1,0
2.55,588,3,1,2,0
3.75,356,3,2,4,0
5.58,1969,1,2,1,1
6.00001,557,3,1,1,0
2.44,950,2,1,1,1
4,448,4,2,2,0
11.88,712,4,2,2,0
2.2,580,3,1,1,0
7.85,230,3,2,1,0
4.68,446,3,2,1,0
8.8,2289,2,1,1,1
4.95,2896,2,1,1,1
4,319,3,2,2,0
4.35,1257,2,1,1,1
5.355,366,5,2,2,0
4.4,540,3,2,2,0
3.52,184,3,2,1,1
6.4,360,3,2,1,0
4.45,1282,1,1,1,1
5,897,2,1,0,1
10.8,349,3,3,2,0
3.45099,540,1,1,1,1
3.1,374,3,2,2,0
3.05,432,3,2,2,0
2.1,1052,1,1,1,1
3.95,400,3,2,2,0
9.95,507,3,1,2,0
4.15,2043,1,1,1,1
12.2,693,4,4,2,0
6.5,676,3,1,2,0
4.525,586,4,2,2,0
10.5,453,3,2,1,0
15,359,4,3,2,1
4.6,269,3,2,1,0
2.45,578,3,1,2,0
4.45,512,3,2,2,0
2.85,180,2,1,1,1
4.65,438,4,2,2,0
4.6,576,4,2,2,0
3.6,272,3,2,2,0
3.4,209,3,2,1,0
4.16,664,4,1,2,0
15.85,106,2,1,1,1
2.37,149,2,1,1,1
3.5,787,4,2,2,0
2.72,191,2,1,1,1
4.5,634,3,1,1,0
6.875,900,3,2,2,0
4.5,568,4,3,1,0
4.8,400,3,2,2,0
4.72,575,2,1,0,1
3.76,368,3,2,1,0
3.3,673,3,2,2,0
9,566,2,1,1,0
6.175,129,2,1,1,0
12.3,750,3,1,2,0
5.15,683,4,2,2,0
7.7,346,5,3,3,0
3.95,400,4,2,2,0
24.5,889,4,4,2,0
4.875,834,2,1,2,1
6,238,3,2,2,1
6.07,659,3,1,2,0
3.415,584,1,1,1,1
3.9,544,3,2,2,0
2.2,237,3,2,2,0
3.85,320,3,2,1,0
2.3,590,3,1,2,0
4.2,638,1,1,1,1
8.58,129,3,1,2,0
4.18,720,4,2,2,0
4.105,650,3,1,2,0
3.39,256,3,2,2,0
4,400,3,2,2,0
3.55,732,3,2,2,0
3.025,570,3,2,2,0
4.3,401,3,2,2,0
5.88,1960,2,1,1,1
4.4,2639,3,2,2,1
4,914,2,1,1,1
3.1,330,3,2,1,0
2.5,600,3,2,2,0
13.03,638,5,2,2,0
4.2,483,1,1,1,1
8.66,454,2,1,2,0
4.45,400,5,2,2,0
4.25,665,3,1,4,0
4.78,626,5,2,2,0
11.555,397,3,1,1,0
3.665,1232,2,1,1,1
4,341,3,1,1,0
11.85,120,2,2,1,0
12.5,694,4,2,2,0
4.6,490,4,2,2,0
16.1,806,4,1,2,0
2.55,580,3,2,2,0
6.61,345,3,2,1,0
2.9,588,3,1,2,0
6.855,317,2,1,1,0
3.835,530,3,2,1,0
3.825,450,4,2,2,0
4.5,565,2,1,2,0
6.7,522,5,2,2,0
11.77,430,3,2,1,0
4.25,860,4,2,1,0
2.6,193,3,1,1,1
8.1,85,2,1,1,0
2.7,299,3,1,2,0
25.79275,1890,3,2,2,1
3.885,619,4,2,2,0
5.55,216,3,2,2,1
4.5,197,3,2,2,1
4.7,605,3,2,2,0
3.2,400,3,2,2,0
5.55,2065,2,2,1,1
9.9,717,3,2,1,0
4.025,586,3,1,1,0
2.95,621,3,2,2,0
11,2055,3,2,2,1
10.6,578,3,2,2,0
4.39,609,3,2,3,0
2.80075,579,3,1,1,0
4.66,1052,1,1,2,1
9.5,472,2,1,2,0
3.3,684,2,1,1,1
5.10888,512,3,2,2,0
8.37,792,3,2,2,0
12.05,614,4,2,4,0
4.774,415,4,2,2,0
5.225,3003,2,2,1,1
3.22,693,3,1,2,0
16.9,664,3,2,2,0
5.825,811,4,2,2,0
3.6,300,3,1,1,0
5.55,1115,2,2,1,1
2.95,583,4,2,1,0
2.55,707,2,1,1,1
8.5,902,4,2,4,0
3.8,707,3,1,2,0
5,972,4,2,2,0
5.35,640,4,2,2,0
4.3,578,5,2,2,0
3.55,579,2,2,1,0
3.85,438,4,2,2,0
12.25,813,4,3,2,0
5.45,838,4,2,2,0
8.3,578,3,2,2,0
8.04,491,2,1,2,0
5.16,969,4,2,2,0
4.4,1282,1,1,1,1
2.95,604,3,2,2,0
6.55,896,3,1,2,0
2.85,1041,1,1,1,1
8.9,295,4,2,1,0
2.8,466,3,2,4,0
6.25,1600,5,4,4,0
2.50002,691,3,2,1,0
2.755,637,2,1,1,1
2.61,571,3,1,2,0
2.85,511,1,1,1,1
2.5,1237,3,1,1,1
20,584,2,2,2,1
4.1,1188,1,1,1,1
4.99,153,2,1,1,1
3.38,1345,2,1,1,1
3.95,1969,1,1,1,1
5.2,350,4,2,2,0
3.35,233,2,1,2,0
7,1779,2,1,1,1
15,866,4,3,2,0
5.35,655,3,1,1,1
31,818,4,3,3,1
4.705,1224,2,1,0,1
10.5,586,4,2,2,0
5,754,4,2,2,0
7.35,316,2,1,1,0
31.25,1070,5,3,4,0
3.615,227,3,1,2,0
11.5,553,5,1,1,1
3.25,120,2,1,2,1
3.745,575,2,1,0,1
4.325,510,3,2,2,0
4.0025,350,3,2,2,0
3,585,2,1,4,0
5.2,248,2,1,1,0
2.01,672,1,1,1,1
5.4325,2825,2,2,1,1
4.255,506,4,2,2,0
6.55,962,3,1,1,0
5.5,619,4,2,2,0
17.5,654,4,3,3,0
2.35,723,4,2,2,0
4.25,309,3,1,1,1
4.9,448,4,2,2,0
2.93,504,2,1,1,0
3.6,1237,2,1,0,1
5.4,488,5,3,2,0
2.95,169,2,1,2,0
7.5,210,3,2,2,1
5.99,2825,3,2,2,1
5,528,2,2,1,1
7.1,116,3,1,1,1
6.71,302,3,1,2,0
4.25,646,4,1,1,0
4.91,873,2,2,1,1
5.1,645,5,3,2,0
4.21,200,2,1,2,1
5.1,512,4,2,2,0
6.2,998,2,2,1,0
3.125,400,3,1,1,0
9.2,648,3,2,2,0
5.09,819,5,2,1,0
7.8,176,2,1,1,1
4.17,2825,1,1,1,1
9.07,643,4,1,2,0
6.5,749,4,2,2,0
6,163,2,1,1,1
2.45,581,2,1,1,0
4.51195,463,2,1,1,1
4.65,703,4,2,2,0
3.425,736,3,2,2,0
3.37,1915,1,1,0,1
3.25,321,2,2,2,1
8.505,751,4,2,1,0
4.0995,164,2,1,1,1
3.16,460,1,1,1,1
4.6,432,3,2,2,0
3.9,1922,1,1,1,1
5.75,653,3,1,1,0
4.15,736,3,2,2,0
4.3,105,2,1,1,1
4.22,472,3,2,2,0
20.76,630,4,3,2,0
3.6,448,4,2,2,0
7.195,140,3,1,1,0
2.48,739,3,2,1,0
2.725,357,3,2,2,0
3.225,712,3,2,2,0
2.825,728,3,1,2,0
7.5,372,2,1,1,1
6.6,392,3,1,1,0
4.11,475,4,2,2,0
4.4,698,3,1,1,0
6.325,1112,2,2,2,1
3.69,350,3,2,2,0
6.38,639,4,1,2,0
3.5,262,3,2,2,0
4.71,2311,2,1,1,1
3.4,355,3,1,1,0
5.48,617,1,2,1,1
4.45,712,3,2,2,0
3.45,697,3,1,1,0
9.55,431,3,2,2,0
19.15,572,4,3,3,0
16,446,2,2,2,0
3.28,619,3,1,2,0
6.275,734,2,1,1,1
4.8,293,2,1,1,1
3.095,2458,1,1,1,1
3.295,187,3,2,1,0
4.75,1840,2,1,1,1
13,566,4,2,2,0
3.7,361,3,2,2,0
4.22,656,3,2,2,0
7.4,652,4,1,1,0
38,2832,4,2,3,0
5.85,637,3,2,2,0
2.15,192,2,1,1,1
3.57,448,3,2,3,0
3.999,343,3,2,2,0
8.5,220,3,2,2,1
3.45,191,3,2,2,0
4.8,508,4,2,2,0
22,653,4,3,2,0
7.28,753,3,1,1,0
3.849,350,4,2,2,0
5.5,791,3,2,2,0
6,645,2,1,1,1
10.55,489,4,3,2,0
3.4,206,3,2,1,1
3.15,404,3,1,2,0
4,666,3,1,1,0
3.2,336,3,2,1,0
3.425,185,3,2,1,0
5.05,259,4,1,2,1
2.03,530,3,1,2,0
4.85,1788,2,1,1,1
3.54,349,4,2,1,0
3.7,1003,1,1,1,1
3.05,703,3,2,2,0
3.725,313,3,2,1,0
3.27,707,2,1,2,0
6.05,1178,5,3,4,0
8.1,534,3,2,1,0
8.5,512,3,1,5,0
3.55,507,4,2,2,0
17.6,352,3,1,2,0
3.6,444,3,2,2,0
16.4,809,3,1,2,0
3.25,570,4,2,2,0
3.59,540,3,1,2,0
4.66,680,4,2,2,0
2.9,227,2,1,1,1
4.4,234,3,2,2,1
3.6,595,3,1,2,0
4.9,2321,2,2,1,1
10.5,1022,4,3,2,0
10.7,619,3,3,2,0
3.3,110,3,3,1,1
2.96,356,3,2,1,0
3.76,1620,2,1,1,1
6.4,627,2,2,2,0
4.65,490,2,2,1,0
3.25,399,3,2,2,0
8,581,3,1,1,0
9.3,511,4,2,2,0
3.86,460,4,2,2,0
13.5,804,3,1,3,0
4.475,1218,1,1,0,1
5.165,536,3,2,1,0
5.88,1306,3,2,2,1
3.95,420,4,2,2,0
21,836,5,3,2,0
3.52,861,3,1,6,0
5.61,262,3,2,2,1
4.25,636,5,2,2,0
4.47,864,2,1,1,1
2.8,530,3,2,1,0
5.95,2000,4,2,6,0
3.5,616,4,2,2,0
7.17,139,3,1,1,0
2.79,80,1,1,1,0
3.65,465,2,1,1,0
3.69,222,3,2,2,0
4.3,432,3,2,2,0
4.5,978,2,1,1,1
3.99,1188,1,1,1,1
12.65,248,3,2,1,1
4.015,656,3,1,2,0
3.4,680,2,1,1,1
4.45,618,4,2,2,0
3.8,2323,1,1,1,1
3.48,687,3,1,2,0
9.3,306,3,1,1,0
3.10001,612,3,1,1,0
4.9,139,2,1,1,1
3.65,352,3,2,2,0
4.526,583,4,2,1,0
9.93,674,3,2,3,0
3.07,920,3,1,2,0
9.2,775,3,2,3,0
7.85,774,4,2,2,0
18.95,861,5,2,3,0
6.4,104,2,1,1,1
4.2,2340,2,1,1,1
2.875,535,3,1,1,0
5.97,165,2,1,1,0
5.7,640,4,2,2,0
10.9,495,2,1,2,0
4.2,1498,2,2,1,1
9.5,2345,3,2,2,1
5.15,568,5,2,2,0
3.225,300,3,1,2,0
6.315,2607,1,1,1,1
3,120,2,1,1,1
3.25,673,3,2,2,0
3.1,360,3,2,1,1
2.745,550,3,1,4,0
5.5,2076,2,1,2,1
19.6,86,3,3,2,0
3.25,181,2,1,1,1
6.5,124,2,1,2,1
3.1,222,3,2,2,0
2.85,331,3,1,1,1
4.4,400,4,2,2,0
6.62,850,4,2,3,0
12.7,149,2,1,1,1
8.85,753,3,1,3,0
4.2,364,2,1,0,1
6.55,664,3,1,2,0
4.7,593,2,1,2,0
6.75,553,2,1,2,0
6.78,870,3,1,2,0
4.7,2127,2,1,1,1
7,807,3,1,2,0
3.2,139,3,1,1,1
3.14,2038,2,1,1,0
6.01,721,4,2,2,0
4,1001,3,2,2,0
4.75,1137,2,2,1,1
5.45,1155,2,1,1,1
2.925,544,3,1,1,0
4.34,400,1,2,2,0
19,744,3,1,2,0
3.866,163,2,2,1,1
3.0235,1009,2,1,1,1
4.16,638,3,1,2,0
15.55,353,2,2,2,0
4.8,643,3,1,3,0
5.87,2238,2,2,1,1
3.765,703,3,2,2,0
3,826,1,1,1,1
4.3,702,4,2,2,0
5,437,3,2,2,0
8,2323,2,2,1,1
6.85,731,3,1,1,0
5.23,1104,2,1,2,1
3.1,650,3,2,3,0
3.2,2080,1,1,1,1
3.75,288,3,3,2,1
4.2,490,4,2,2,0
3.8,355,3,1,1,0
50,2951,5,4,4,0
17.1,809,3,2,2,0
3.65,447,4,2,2,0
3.28,785,3,2,2,0
6.03,650,3,1,2,0
3.65,592,3,2,2,0
3.5,779,3,1,2,0
7.25,948,3,3,2,0
5.33,375,3,2,2,0
3.625,500,3,2,2,0
15.9,276,3,2,2,1
4.86,598,3,1,2,0
5.1,801,3,1,2,0
14,604,3,2,2,0
4.22,253,2,1,1,1
15,508,4,2,3,0
7.865,635,3,2,2,0
7.25,249,3,2,2,1
3.65,511,1,1,1,1
5.01,544,4,2,2,0
6.64,2056,3,1,1,1
2.65,997,1,1,1,1
3.413,560,3,2,2,0
2.82,198,3,1,1,1
3.25,133,2,1,1,1
6.8,2505,2,2,2,1
2.8,489,4,2,2,0
5.09,182,2,1,1,1
8.2,2355,3,2,2,1
3.05,731,3,1,4,0
3,534,3,1,1,0
11.6,522,3,2,1,0
3.45,263,3,2,1,1
6.3,2024,2,1,1,1
3.299,128,2,1,1,0
5.78,276,3,2,2,0
3.03,134,2,1,1,1
3.2,650,3,2,2,0
2.5,850,3,1,1,0
3.925,556,4,2,2,0
3.24,548,3,2,2,0
3.4,527,3,1,2,0
13.4,318,4,1,1,0
3.55,935,3,1,2,0
4,607,2,1,3,0
8.6,405,2,2,1,0
7.55,704,4,2,2,0
4.1,1111,1,1,1,0
8.65,500,3,2,2,0
13.05,355,3,2,2,1
12.2,391,3,2,2,1
2.4,587,2,1,1,1
4.83,571,4,2,2,0
10.95,302,4,3,2,0
9,356,4,3,1,0
4.25,1209,2,1,8,1
5.3,709,4,2,3,0
7.31,387,1,1,1,0
4.03,611,4,2,1,0
6.58,864,4,2,2,0
3.4,856,1,1,1,1
5.8,94,3,1,1,1
5.2,1747,2,3,3,1
5,543,3,1,1,1
12.21,699,4,2,3,0
9.91,344,3,1,3,0
2.22,370,2,2,2,1
5.95,1282,2,2,2,1
2.85,962,1,1,0,1
3.55,2560,2,1,1,1
4.43,596,4,1,2,0
8,2323,2,1,1,1
2.18,301,2,1,1,1
3.44,2607,1,1,1,0
4.05,640,3,1,6,0
11.2,186,3,2,1,0
3.92,561,3,2,2,0
15.75,545,5,3,2,0
20.05,405,3,2,2,0
12.9,2127,3,2,2,1
3.75,1461,2,1,1,1
4.2,76,3,1,2,0
5.16,626,4,2,2,0
5.25,396,4,2,2,0
3.95,626,4,2,2,0
4,494,3,1,2,0
3.7,148,2,1,1,1
7,723,4,2,2,0
2.89,2038,2,1,1,1
4.2,213,2,1,1,1
7,826,4,2,3,0
5.8,700,5,2,3,0
4.45,557,4,2,2,0
5.5,713,3,1,2,0
3.9,349,4,2,2,0
4.1,320,3,2,1,0
3.2,1860,2,1,1,1
3.87,633,3,2,2,0
7.275,612,3,1,1,0
3.06,478,3,2,2,0
3.42,575,3,1,2,0
2.4,82,2,1,1,1
4.9,400,3,2,2,0
8.25,543,3,1,2,0
2.94,800,3,2,1,0
9.66,675,4,2,2,0
6.7,666,4,2,2,0
7.42,91,4,1,1,0
2.85,585,3,1,2,0
39.5,690,3,2,2,0
3.39,400,3,2,1,0
4.175,350,4,2,2,0
9.25,1422,3,2,2,1
5.4,2607,2,2,2,1
20.75,768,4,2,2,0
3.6,591,3,2,2,0
4.74,613,3,1,3,0
5.8,830,4,2,1,0
6.62,765,3,2,2,0
2.05,832,2,1,1,1
4.48,2238,1,1,1,0
5.6,250,3,2,2,1
7.7,193,3,1,1,0
6.15,307,3,1,1,0
3.25,1027,1,1,1,1
2.8,175,2,1,1,1
7.65,238,3,2,2,1
3.8,804,3,2,4,0
8.31,534,2,2,2,0
3.8,540,3,2,1,0
2.89,800,3,2,2,0
4.41,507,3,2,2,0
7.8,1021,3,2,2,1
3.75,526,3,1,1,0
10,951,3,2,2,0
5.7,1727,2,2,1,1
20.19,359,3,1,2,0
3.65,546,3,1,1,0
7.8,320,3,1,2,0
4.7,1217,1,1,1,0
3.355,1505,2,1,1,1
3.23,1397,2,2,1,1
3.3,653,1,1,1,1
2.25,189,2,1,1,1
3.6,149,2,1,1,1
4.87,484,2,1,1,1
3.0575,301,3,2,2,0
4.24,540,3,1,1,0
4.7,234,2,1,1,1
5.2,597,3,1,1,0
5.925,581,2,1,2,0
4.58,182,2,1,1,1
11.5,497,3,1,2,0
2.325,650,2,1,1,1
7.5,1779,2,2,1,1
4.7,194,2,2,2,1
4.5,2274,1,1,1,1
8.45,1046,2,2,2,0
2.95,1658,2,1,1,0
3.14,543,3,1,2,0
2.31,2241,3,1,1,1
3.66,565,3,1,2,0
3.3,250,3,2,1,0
8.2,2325,2,2,2,1
3.66,207,2,1,1,1
5.05,1226,2,1,1,1
5.775,2835,2,2,1,1
3.59,431,2,1,1,1
3.805,575,1,1,0,1
3.8,2673,1,1,2,1
2.465,173,2,1,1,1
4.375,578,3,2,1,0
6.45,604,4,2,2,0
17.5,448,4,2,2,0
16.5,562,3,2,3,0
9.85,679,4,2,2,0
4.1,542,3,1,1,0
3.6,399,3,2,2,0
6.45,317,3,1,1,1
45.7,916,4,3,2,0
7.35,334,3,1,1,0
3.45,633,1,1,1,1
5.2,933,3,1,2,0
11.8,736,3,1,2,0
3.05,576,3,1,1,0
11.75,722,3,1,2,0
4.8,650,4,2,2,0
3.6,217,3,2,1,0
4.8,1086,2,1,2,1
3.4,574,3,2,2,0
16.1,142,3,2,2,0
8.31,608,3,2,2,0
2.45,217,3,1,2,1
6.95,214,2,2,1,0
4.77,512,3,2,2,0
7,1769,2,1,1,1
3.7,313,3,2,1,0
7.55,2112,3,2,2,1
7.9,529,2,1,0,0
6.22,470,3,1,2,0
5.9,1748,3,3,3,1
17.05,919,4,1,1,0
5.4,179,2,1,1,1
14.75,1629,3,2,1,1
9.95,926,4,3,2,0
7.56,254,3,2,2,1
6.275,728,2,1,1,1
4.525,645,3,2,2,0
6.3,326,3,1,2,1
2.1,270,2,1,1,1
13.27,527,5,2,2,0
5.31,550,2,1,1,1
12.25,812,3,2,2,0
4.8,1080,3,2,2,0
3.47,434,3,2,2,0
5.5,907,4,2,2,0
8.5,1330,3,2,6,0
2.255,351,3,1,1,0
4.11,596,4,2,2,0
2.6,281,2,2,1,1
6.34,1136,2,2,0,1
10.115,381,3,2,2,1
4.55,3388,2,1,1,1
5,1969,2,1,1,1
20.06,653,1,1,2,0
5.35,1224,2,2,1,1
7.48,1158,1,1,1,1
9.3,712,4,2,2,0
11.25,336,1,1,1,0
2.65,594,3,1,2,0
2.65,251,3,1,1,1
13.375,542,3,3,2,0
3.05,532,3,2,1,0
6.943,933,1,1,1,1
3.15,148,3,2,2,0
4.8,981,2,1,1,1
6.2,2321,2,2,1,1
4.55,450,4,2,2,0
4.41,2896,1,1,1,1
4.2,181,2,1,1,1
3.08,497,2,1,1,0
4.8,675,3,2,1,0
3.5,490,3,2,2,0
3.415,293,3,2,1,0
3.05,439,3,2,2,0
4.2,439,4,2,2,0
3.3,667,4,2,2,0
11.8,549,4,1,2,0
5.5,368,3,2,1,0
3.2,120,3,2,1,0
5.87,780,4,2,3,0
3.1,371,3,2,1,1
5.67,65,2,1,1,0
2.705,1583,2,1,1,1
4.525,560,3,3,3,0
13.46,589,4,2,2,0
4.907,675,4,2,2,0
7.9,793,3,2,2,1
4.83,2114,2,2,1,1
2.15,1027,1,1,1,1
6.12,564,3,1,2,0
4.25,560,3,1,1,0
4.52,447,4,2,2,0
5.8,575,5,2,2,0
2.275,703,2,1,1,1
27.75,1301,4,2,3,0
3.35,197,3,2,2,1
9,697,4,2,4,0
4.65,1570,2,1,1,1
7.85,470,2,1,2,0
2.45,79,2,1,1,1
3.7,910,2,1,1,1
3.5,577,1,1,1,1
3.52,660,3,2,2,0
3.42,703,4,2,3,0
16.5,565,4,2,2,0
9.25,585,4,2,2,0
2.575,3437,2,1,1,1
3.95,336,4,2,1,0
13.16,709,4,2,2,0
2.8,651,3,1,1,0
2.8775,534,3,1,2,0
3.9,238,4,1,2,1
8.72,620,3,1,1,0
3.9091,212,3,2,2,0
20,406,3,2,7,0
3.85,633,3,1,1,0
3.95,165,3,2,2,1
5.7,580,2,1,2,0
6.2,1731,2,1,1,1
4.2,400,4,2,2,0
3.8,400,3,2,1,0
13.65,570,2,2,2,0
4.445,672,4,2,2,0
16.05,512,4,2,2,0
7.1,503,4,2,2,0
4.9,706,3,2,1,0
3.6,1011,2,2,1,0
3.45,546,3,2,2,0
12.12,154,2,1,1,1
4.9,720,4,2,2,0
3.2,299,3,1,1,0
12.65,805,3,1,1,0
4.425,543,4,2,2,0
3.15,357,3,2,1,0
3.5,914,2,1,1,1
12,920,3,2,2,0
3.5,351,3,1,1,0
4.825,729,3,1,3,0
7.625,697,3,1,1,0
5.9,593,3,1,2,0
2.7,580,3,2,2,0
4.35,400,3,2,2,0
4.8,405,3,2,2,0
3.399,62,2,1,1,1
4.15,448,3,2,2,0
3,568,3,1,2,0
4.4,559,3,1,4,0
6.02,2075,2,1,1,0
6.35,2505,2,2,1,1
3.85,542,2,1,1,0
5.3,465,2,1,2,0
3.3,619,3,1,2,0
21.5,3042,3,2,2,0
2.95,517,3,2,2,0
2.95,684,3,1,2,0
2.4,372,3,1,2,1
2.2,488,1,1,1,1
4.4,547,4,2,2,0
5.45,488,3,1,1,0
4.92,2038,2,1,1,1
3.7,499,4,2,2,0
3.4,962,1,1,0,1
3.2,666,3,2,3,0
7.5,547,5,2,3,0
7.25,164,3,1,1,1
17.9,671,3,3,2,0
6.65,1633,2,2,1,0
2.5,944,1,1,0,1
4.575,312,3,2,1,0
2.128,2778,2,1,1,1
3.1,212,2,2,1,1
3.25,392,3,2,2,0
13.9,360,3,2,2,0
4.1,578,4,2,2,0
3.1,760,3,1,2,0
7.25,3447,2,2,2,1
3.3,696,3,2,2,0
3.3056,785,3,2,2,0
3.6,226,4,2,2,1
3.7,309,2,1,1,1
4.422,419,3,2,2,0
6.7,238,3,2,2,0
2.5,1168,1,1,1,1
3.8,549,3,2,2,0
14.15,612,4,3,4,0
2.75,1055,2,1,1,1
6.08,539,4,2,1,0
3.5,497,3,2,2,0
2.365,1642,1,1,1,1
2.885,187,1,1,1,1
5.1,1847,2,1,1,1
4.1,537,3,1,1,0
9.65,542,4,1,2,0
4.9,400,5,4,2,0
2.6,77,1,1,1,1
7.2,345,3,1,1,0
7,524,2,2,2,0
3.59,788,2,1,1,1
7.2,991,5,3,3,0
3.5,804,3,1,1,1
7.56,616,4,2,2,0
3.83,481,3,2,2,0
4.1,78,3,2,2,1
3.98002,490,4,2,2,0
6.76,109,2,1,1,1
7.7,596,3,1,2,0
4.15,3372,3,1,2,1
3.5,656,4,2,2,0
7.19,1947,2,2,1,0
11.3,327,4,1,1,0
4.9,636,3,2,1,0
8.01,479,4,1,1,0
4.8,792,3,1,1,0
43.75,832,4,2,2,0
5.31,669,3,1,5,0
5.39,1280,2,2,1,1
4,535,5,3,2,0
3,507,3,2,2,0
6.65,613,4,2,2,0
3.6,146,2,1,1,1
7.72,536,2,1,1,0
4.75,320,2,2,1,0
3.48,558,3,2,1,0
4.3,400,3,2,2,0
4.05,166,3,2,2,0
3.8,312,3,2,2,0
4.8,300,4,2,2,0
6.5,240,3,3,2,0
2.075,1743,2,1,1,1
3.98,717,2,1,1,1
12,878,3,2,2,0
11.5,922,2,1,3,0
9.8,262,3,2,2,0
3,519,4,2,2,0
2.55,500,3,3,2,0
6.95,812,4,2,2,0
4.7,2105,2,2,1,1
10.77,544,4,2,2,0
7.55,148,2,1,0,0
6.77,68,2,1,6,0
3.95,1007,1,1,1,1
2.65,177,3,2,1,1
6.1,338,2,1,1,1
3.09,1032,2,1,1,1
4.025,185,2,1,1,0
3.9,399,4,2,2,0
4,525,3,2,2,0
3.11,500,4,2,2,0
20.5,1184,5,2,4,0
3.68,534,3,1,1,0
5.17,2230,2,1,1,0
4.4,512,4,2,2,0
6.35,282,3,2,2,1
5.55,229,3,2,1,1
4.2,617,2,2,3,0
3.73,326,3,2,2,0
2.7,289,2,1,1,1
3.79,483,3,2,2,0
4.35,539,3,2,2,0
2.75,459,3,2,2,0
2.7,342,3,1,1,0
5.875,1653,1,1,1,1
6.5,612,5,3,3,0
6.63,329,2,1,2,0
2.74,270,2,1,1,1
17.75,2323,3,2,2,1
6.2,1030,4,2,4,0
5.46,576,4,2,2,0
3,312,3,1,1,0
29.5,908,4,2,3,0
7.5,527,3,1,1,0
9.7,533,3,2,2,0
11.65,302,4,2,2,0
8.75,320,3,1,1,0
8.7,581,4,2,2,0
5.65,195,3,2,1,0
3.8,196,4,2,3,0
3.25,421,3,2,2,0
3.95,1003,1,1,1,1
3.5,264,3,2,4,0
9.15,1240,2,2,1,1
4.1,375,3,2,2,0
3.1,576,3,2,1,0
3.78,671,3,2,1,0
2.6,2323,1,1,1,1
4.74,1104,2,1,1,1
9.85,2323,3,2,2,1
3.85,375,3,2,2,0
3.84,1969,1,1,1,1
3.75,400,4,1,1,0
4.5,702,3,2,1,0
4.425,553,4,2,2,0
2.85,508,3,2,2,0
4.21,400,3,2,2,0
4.15,578,4,2,2,0
7.1785,2896,2,1,1,1
3.97,695,4,3,2,0
3.125,983,1,1,1,1
4.5,692,4,2,2,0
11.05,405,4,3,2,0
4.94,512,4,2,2,0
4.63,713,3,1,2,0
2.35,746,3,2,2,0
7.92,284,3,2,1,0
8.6,2325,2,2,2,1
2.75,373,3,2,1,0
5.6,748,2,1,2,1
3.4,295,3,2,2,0
5.85,564,3,2,1,0
4.845,444,3,2,2,0
3.75,2812,2,1,1,1
3.54,605,3,2,2,0
9,306,3,2,2,1
2.95,204,2,1,2,1
19.5,446,3,2,2,1
3.75,640,2,1,1,0
5.8,700,5,2,2,0
4.265,1840,2,1,1,1
8.275,1033,4,2,2,0
3.65,351,3,2,2,0
2.25,284,2,1,2,1
5.58195,463,2,1,1,1
2.7,673,3,2,2,0
3.83,3003,2,2,1,1
11.05,724,4,3,2,0
5.8,133,2,1,1,1
14,594,5,2,2,0
7.48,270,3,1,1,1
2.924,629,3,1,1,0
2.99,199,2,1,1,0
4.455,336,3,2,2,1
5.85,465,2,1,2,0
6.2,421,5,2,3,0
3.75,692,3,2,1,0
3.8,627,3,1,1,0
5.88,447,4,2,2,0
3.2,537,3,2,1,0
6.73,900,3,2,2,0
2.32,600,3,1,3,0
4,602,4,2,1,0
4.2,313,3,2,2,0
6,409,2,1,1,0
3,59,1,3,2,1
3.22,238,3,2,1,0
5.2,215,2,1,1,1
3.459,63,3,2,2,0
5.03,780,3,1,2,0
2.755,148,2,1,1,1
8.42,770,5,3,2,0
4.63,588,2,1,1,1
2.99,106,2,1,1,1
3.95,434,3,2,2,0
2.2,138,2,2,2,1
7.3,719,2,3,5,0
4.25111,375,4,2,2,0
2.2,770,3,2,2,0
4.25,1258,2,1,1,1
7.3,691,6,2,2,0
4.625,448,3,2,2,0
3.59,356,3,2,1,0
3.3,523,3,2,2,0
4.9,456,3,2,2,0
4.5,419,3,2,2,0
3.99,539,3,1,2,0
4.666,450,4,2,2,0
3.4995,346,3,2,0,0
5.07,703,5,3,3,0
3.959,342,3,2,1,0
5.75,164,2,1,1,0
4.05177,349,4,2,2,0
3.715,628,3,1,2,0
15.66,653,4,2,2,0
4.075,1188,2,1,1,1
8.68,424,3,2,2,0
2.75,161,2,1,1,1
5.2,447,3,2,2,0
2.85,226,2,1,1,1
2.75,219,2,1,1,1
6,560,4,3,2,0
6.95,754,5,3,6,0
3.6,1061,1,1,1,1
4.35,374,3,2,2,0
2.78,308,3,1,2,1
4.31,2607,1,1,1,1
3.12,423,4,2,2,0
5.35,480,4,2,2,0
2.57,272,2,1,1,1
4.5,2254,2,1,1,1
11.06,251,4,2,1,0
5.84,114,2,2,1,1
4.565,606,3,1,3,0
6.25,344,3,2,2,0
4.175,680,2,1,1,1
5.54,710,3,1,3,0
4.2,558,3,2,1,0
3.69,162,3,1,1,1
18,618,4,2,2,0
2.48,598,3,2,2,0
3.77,603,3,2,2,0
6.7,337,3,2,2,0
4.7,807,2,1,2,0
8.8,470,4,2,1,0
8.55,376,4,2,1,0
4.3,480,3,2,2,0
3.6,304,3,1,1,1
4.8,1154,2,1,1,1
5.36,619,5,2,2,0
4.15,1732,2,1,1,1
3.8,212,3,3,2,0
21.28,592,4,3,2,0
3.78,312,3,2,2,0
6.05,640,5,2,2,0
13.575,352,2,1,2,1
2.5,72,2,2,1,0
2.6,113,1,1,1,1
7.6,335,2,2,2,1
3.6,600,4,2,2,0
4.399,349,4,2,2,0
7.6,181,4,2,2,1
4.65,674,4,2,2,0
4,212,2,2,2,1
4.52,963,1,1,1,1
5.9,534,4,2,2,0
7.2,724,4,2,2,0
4.7,512,3,2,2,0
3.5,557,3,1,2,0
39.2,1896,3,3,4,1
8.9,2392,3,2,2,1
17.3,2323,3,2,2,1
14.6,556,2,1,2,0
3.68,2323,1,1,1,1
4.15,2761,4,1,2,1
4.05,612,3,2,2,0
16.36,207,4,3,0,0
3.2595,225,3,2,1,0
4.61,702,4,2,5,0
5.05,2657,3,1,1,1
5.99,613,3,1,1,0
6.65,282,3,2,2,1
12.6,199,2,1,1,0
8,836,3,2,2,0
3.7,691,3,1,2,0
5.15,548,2,2,1,1
6.55,292,2,1,1,0
2.6,580,3,2,3,0
6,836,5,3,2,0
5.3,577,3,1,2,0
6.01,864,3,1,1,0
2.75,231,2,1,1,1
5.97,81,3,1,1,1
4.7,112,2,1,1,0
4.15,708,4,2,2,0
2.8,186,4,1,1,1
2.85,648,3,2,2,0
11.4,680,2,1,1,0
3.4,420,4,2,2,0
15.3,3009,3,2,2,1
3.235,237,2,1,1,1
12,470,4,2,3,0
2.71,393,3,1,1,1
4.05,477,3,2,2,0
4,804,4,2,2,1
4,448,3,2,2,0
8.3,312,2,2,1,1
6.01,235,2,1,1,0
3,609,3,1,4,0
5.85,536,3,1,1,0
17.9,190,2,3,2,0
6.875,747,3,1,1,0
6.75,192,2,1,2,0
9.55,579,3,2,2,0
3.33,525,3,2,1,0
8.5,1006,3,2,2,0
3.75,345,3,2,2,0
3.8,2311,1,1,1,1
4.5,395,4,2,2,0
10.95,468,3,1,1,0
12,650,4,2,1,0
4.55,182,2,1,1,0
2.9,224,3,2,1,0
6.425,2291,3,2,1,1
9.8,1670,3,2,1,1
2.6,601,3,1,1,0
4.6,2238,1,1,1,1
12.5,471,3,2,2,0
6.8,1000,5,2,2,0
7.015,562,3,1,1,0
3.1,651,3,2,2,0
2.8,567,3,2,1,0
6.738,2238,2,2,1,0
2.325,153,3,1,1,1
2.752,503,3,2,3,0
6.35,2323,2,2,1,1
3.95,560,3,2,2,0
8.90235,314,2,1,1,1
7.05,251,3,1,1,0
11.5,1209,3,2,1,1
5,248,3,2,2,1
8.67,302,2,1,1,0
3.15,689,3,2,1,0
11.55,310,4,2,2,1
15.2,920,5,2,1,0
22.1,724,4,3,3,0
5.51,318,2,1,1,0
14.25,345,3,2,2,1
4.05,1257,2,1,1,1
3.57,546,4,2,2,0
4.249,350,4,2,2,0
18.5,842,3,2,2,0
4.73,499,2,1,0,1
2.78,247,2,1,1,0
11.7,2835,4,2,2,1
4.6,266,3,2,1,0
6.5,665,4,1,1,0
2.85,280,2,1,1,1
8.4,1397,2,2,1,1
2.8,151,2,1,1,1
2.7,853,1,1,1,1
7.62,1386,1,1,1,1
7.46,639,4,4,2,0
4.05,453,4,2,2,0
3.2,478,3,2,2,0
2.9,320,3,1,1,0
3.8,583,3,2,2,0
3.65,448,4,2,2,0
3.78,400,4,2,2,0
4.08,400,4,2,2,0
24.5,576,4,2,1,0
9.9,513,2,1,1,0
3.7,735,3,2,2,0
7.06,689,3,1,4,0
4.25,488,4,2,2,0
6.85,1947,3,2,2,1
5.35,146,2,1,1,1
4.00001,576,4,2,2,0
11.5,239,3,1,2,0
4.15,540,3,1,2,0
4.85,664,4,2,2,0
4.65,873,3,1,1,0
2.2,118,2,1,1,1
4.65,400,4,2,2,0
5.75,689,4,2,2,0
5.8,250,3,2,2,1
3.15,455,2,1,0,0
4.1,154,2,1,1,1
2.79,585,3,2,2,0
8.3,278,3,2,2,0
6.62,702,4,2,2,0
8.455,307,3,2,1,0
7.5,566,3,1,1,0
4.8,537,4,2,2,0
3.95,448,4,2,2,0
4.975,190,2,2,1,1
3.51,327,2,1,1,0
3.25,525,3,2,2,0
8.67,922,3,2,2,0
7.46,119,3,2,2,1
4.592,1410,1,1,1,1
3.43,401,4,2,3,0
2.73,657,3,1,1,0
6.4,725,3,2,2,0
3.54,670,4,2,2,0
2.63,130,2,1,1,1
7.5,570,5,2,4,0
4.15,3318,2,2,1,1
3.8,271,3,2,2,0
15.05,737,3,2,5,0
4.25,549,3,1,2,0
4.3,658,3,2,3,0
3.65,400,3,2,2,0
3.6,1386,1,1,1,1
8.5,655,3,3,2,1
4.625,484,1,1,1,1
16.5,1287,5,3,4,0
8,573,4,2,2,0
4,2955,2,2,1,1
7.2,105,2,2,1,1
2.78,622,3,1,1,0
2.25,117,1,1,1,1
6.85,852,4,2,2,0
12.1,240,2,1,2,0
4.78,157,2,1,1,1
3.825,377,3,2,2,0
3.52002,448,4,2,2,0
3.42,620,3,2,1,0
4.1,648,4,2,4,0
5.8,220,2,1,1,0
3.31,537,4,2,2,0
8.95,357,4,2,1,0
25,211,4,2,2,0
7.4,2481,3,1,1,1
4.25,1846,1,1,1,0
6.35,375,4,2,2,1
4.875,1653,4,2,5,1
9.56,641,3,2,1,0
4.75,2955,2,1,1,1
3.5,627,3,1,1,0
3.399,132,2,2,1,0
7.82,602,4,1,2,0
4.95,618,2,2,1,1
3.65,444,4,2,2,0
7.66,720,3,1,1,0
3.3,213,3,2,1,0
3.2,577,3,2,2,0
6,462,4,2,2,0
5.35,846,4,2,3,0
5.25,1309,3,1,6,0
4.87,945,1,1,1,1
9,619,4,3,2,0
6.125,460,3,1,2,0
3.985,516,4,2,2,0
4.1,548,4,2,2,0
3.74,660,3,2,2,0
4,745,3,2,2,0
3.6,132,3,2,1,0
5.62,584,3,1,2,0
4.2,671,3,1,2,0
5.175,165,2,1,1,1
3.7,457,3,1,2,0
2.575,257,2,2,2,1
8,207,4,2,2,0
7.99,353,3,2,1,0
3.4,655,1,1,0,1
14.5,466,3,3,2,0
4.65,570,3,1,2,0
5.8,661,3,2,2,0
3.38,1960,1,1,2,1
2.58,532,3,1,2,0
30.5,952,5,1,2,0
5.35,488,2,1,2,1
4.55,530,4,2,2,0
5.75,487,2,1,2,0
6.3,66,2,2,1,1
6.35,143,2,2,1,1
4.93,399,3,2,2,0
5.41,197,2,1,2,0
7.2,2844,3,1,1,1
2.45,231,2,1,1,1
12.9,992,3,2,3,0
3.85,392,4,2,2,0
3.9,2955,2,1,1,1
4.67,524,4,2,2,0
3.4,313,3,2,1,0
7.5,652,2,1,1,0
4.35,291,4,2,2,1
2.8,155,2,1,1,0
6,640,4,2,2,0
5.6,604,3,1,2,0
5.77,321,2,1,1,1
7.1,1416,3,3,2,0
2.85,272,3,2,2,1
3.675,59,1,1,1,1
6,160,3,2,2,1
3.5,578,3,2,3,0
4.3555,517,4,2,2,0
4.85,248,2,1,0,1
4.1,439,4,2,2,0
3.15,352,3,1,1,0
2.65,217,3,1,1,1
9.65,281,2,2,1,0
12.5,523,4,3,1,0
3.3,685,4,2,2,0
3.36,157,2,1,1,1
8.3,376,2,1,3,0
4.16,1950,2,1,2,1
6.825,1473,4,2,2,0
5.1,640,4,2,2,0
3.95,1003,2,1,2,1
2.35,1692,1,1,1,1
5.301,1170,3,2,2,1
2.71,1089,1,1,1,1
23,360,4,4,4,0
12.075,216,2,1,2,0
6,445,4,3,2,0
6.84,315,3,3,2,0
3.38,644,3,2,2,0
2.45,404,3,2,1,1
3.13,209,3,2,2,0
9.1,478,3,2,2,0
6.15,1561,2,1,1,1
5.75,81,3,2,1,1
2.81,600,3,2,2,0
4.4,599,4,2,2,0
2.75,124,2,1,1,0
4,556,4,2,2,0
3.35,697,3,1,2,0
3.39,1658,2,1,1,1
4.5,480,4,2,2,0
4.5,278,2,1,2,1
18,604,3,1,1,0
5.5,400,3,2,2,0
5.15,540,4,2,1,0
19,730,4,2,1,0
4.94,350,5,3,2,0
2.65,575,3,1,1,0
3.35,658,3,2,2,0
3.6,653,3,1,2,0
2.01,106,1,1,1,1
5.5,463,2,1,1,1
5.25,238,3,2,2,1
3.4245,277,3,2,2,0
17.5,715,3,1,2,0
3.529,336,3,2,2,0
4.399,400,4,2,2,0
4.15,638,3,2,2,0
5.8,666,2,1,2,1
4,656,4,2,2,0
4.775,350,3,2,2,0
6.35,857,4,2,2,0
5.1,305,4,2,2,0
8.88,654,4,2,2,0
3.1,277,3,2,1,0
4.07132,400,4,2,2,0
3.05,155,2,1,1,1
9,728,4,1,2,0
4.95,291,2,2,1,1
6.1,577,2,1,2,0
5.7,576,4,2,2,0
6.9,129,2,2,1,1
3.82,286,3,2,2,1
4.21,546,3,2,2,0
3.1,416,3,1,1,0
3.25,759,3,1,2,0
3.95,556,4,2,2,0
4.95,399,4,2,2,0
9.71,903,4,3,3,1
4.1,620,3,2,2,0
14,966,3,1,2,0
13.5,278,3,2,2,1
4.5,1087,1,1,1,1
9.75,925,4,2,2,0
7.7,572,3,1,1,0
3.225,565,3,1,2,0
4.975,350,4,3,2,0
4.325,736,3,1,2,0
4.2,825,4,2,2,0
2.1,987,2,1,1,1
7.2,608,3,2,2,0
8.9,378,2,2,2,1
10.12,1017,3,1,2,0
2.55,298,2,1,1,1
4.22,494,4,2,2,0
3.599,180,3,2,1,0
3.38,557,3,2,2,0
7.7,212,2,2,2,1
5.65,803,2,1,1,0
3.85,1969,1,1,1,1
3.55,293,4,2,1,0
4.45,595,2,1,1,1
5.05,156,3,2,1,0
4.3,766,1,1,2,0
3.7,602,4,2,2,0
4.8,1653,4,2,5,1
4.35,435,4,2,2,0
4.3,1171,2,1,1,1
15,373,3,3,2,0
2.825,590,3,1,1,0
5,2127,2,1,1,1
8.1,290,3,2,1,0
3.57,612,3,2,2,0
5.4,320,4,1,1,1
4.2,773,2,1,1,1
5.71,333,3,1,2,0
3.055,313,3,2,1,0
5.83,602,4,2,3,0
4.576,983,1,1,1,1
28.6,1049,3,2,2,0
11.8,718,3,1,2,0
4.86,251,2,1,1,1
4.6,706,4,2,2,0
6,480,4,2,2,0
8.58,836,2,1,1,0
6.2,2038,1,1,1,0
5.5,864,3,1,1,0
3.8,605,3,1,2,0
6.52,162,3,2,2,1
7.3,209,3,1,1,0
4.65,111,2,1,1,1
10.2,705,4,2,2,0
6.18,232,3,1,2,0
3.3,568,3,2,2,0
11.4,499,3,2,2,0
5.6,349,4,2,2,0
4.1,167,3,2,2,1
12.38888,898,4,3,2,0
4.35,349,4,2,2,0
5.4,2825,2,2,1,1
6.76,3447,2,2,1,1
4.93,1214,2,1,1,1
3.45,300,3,2,2,0
4.9,380,2,1,2,0
10.35,1747,3,3,3,0
4.07,2309,1,1,1,1
3.8,639,3,2,2,0
3.5,603,3,2,2,0
5.4,1077,4,2,2,0
9.75,502,5,2,2,0
4.4,448,3,2,2,0
3.07,166,2,1,3,1
8.79,623,3,2,2,0
2.95,1011,1,1,1,1
6.9,334,2,1,1,0
6.05,277,3,2,2,1
5.62,1752,2,2,1,1
6.85,468,3,1,2,0
16.15,921,4,3,2,0
6.4835,697,3,2,1,0
6.7,502,4,2,2,1
5.6,716,2,1,1,1
4.75,676,3,2,1,0
2.195,1008,1,1,1,1
3.8,469,4,2,2,0
2.925,939,1,1,1,1
3.02,387,3,2,2,0
6.67,2274,1,1,1,1
6.55,2076,2,1,1,1
5.01,1226,2,1,1,1
3.6,547,3,1,2,0
5.3,650,4,1,1,0
4.6,1788,2,1,1,1
6.87,1267,2,1,1,1
2.59,580,3,2,1,0
11.5,262,3,2,2,1
4.36,399,3,2,2,0
10.5,543,5,2,2,0
8.4,238,3,2,2,1
2.885,793,2,1,1,1
3.85,513,4,2,1,0
7.6,368,3,2,2,0
3.9,591,4,2,2,0
4.15,864,3,1,2,1
3.45,726,3,2,3,0
9.91,636,5,3,2,0
15,736,4,3,2,0
5.5,859,2,1,1,0
7.1,1422,2,1,1,1
8.2,1318,5,4,4,0
3.1,177,2,2,1,0
4.2,400,3,2,2,0
5.36,1775,2,1,1,1
2.5,1843,2,1,1,1
3.4,363,3,2,1,0
10.97,397,2,2,1,0
7.7,999,5,2,2,0
7.05,577,3,1,2,0
3.925,693,3,2,2,0
8.68,911,3,3,2,0
2.8,148,2,1,1,1
3.8,247,3,2,2,0
3.5,652,2,1,1,1
3.12,342,3,2,1,1
4.85,717,4,2,2,0
4.31,576,4,2,2,0
6.49,747,3,2,2,0
2.18,52,3,1,1,1
3.34,600,3,1,1,0
6.5,196,3,2,2,0
2.2,2225,2,1,1,1
3.99,438,3,2,2,0
13.5,446,3,1,3,0
3.142,585,3,2,1,0
2.8,216,2,1,1,1
10.705,790,4,2,1,0
2.99,2647,1,1,1,1
3.03,542,3,1,1,0
3.05,137,2,1,2,1
10.55,728,3,2,2,0
4.11,664,4,2,2,0
3.8,408,2,1,2,0
3.45,212,3,2,1,0
4.36,370,3,2,2,0
4.68,568,4,2,2,0
3.865,575,1,1,0,1
9.75,842,2,2,2,0
4.45,613,3,1,3,0
5.99,261,3,2,1,1
6.05,3045,2,1,1,1
3.29,1251,3,1,1,1
5.5,582,4,2,2,0
5.3,853,3,1,2,0
4.5,564,2,1,1,1
11.3,1670,3,2,2,1
4.35,621,3,2,2,0
4.7,801,3,1,1,0
6.425,1012,3,2,2,1
10.35,470,3,2,2,0
4.7,511,2,1,1,0
4,312,3,1,1,0
7.7,197,3,2,2,1
3.5,203,2,1,1,1
4.81,1334,1,1,1,1
7.46,1019,3,2,1,1
5.35,604,3,1,2,0
6,576,4,2,2,0
4.05,680,4,2,2,0
9.8,826,4,3,2,0
3.4,279,3,1,2,1
2.98,250,3,1,2,1
2.75,270,2,2,1,1
3.235,74,2,1,1,1
9.06,728,2,2,2,1
3.55,300,3,2,2,0
3.15,129,3,1,1,1
5.02,356,2,1,2,0
8.8,533,3,1,3,0
5.07,701,3,1,2,0
5.8,642,4,2,1,0
9.4,1827,3,1,1,1
5.1,635,2,1,1,0
7.7,159,3,2,2,0
3.25,546,3,1,1,0
4.85,901,4,2,2,0
4.1,495,3,2,2,0
5.75,1050,2,1,4,0
4.3,641,3,2,2,0
2.069,575,4,2,2,0
8,603,3,1,1,0
3,252,2,1,2,1
6.1275,237,2,1,1,1
6.175,282,3,2,2,0
6.7,285,3,2,2,0
3.675,59,1,1,1,1
9.55,834,3,2,2,0
4.685,125,2,1,1,1
8.15,258,3,2,2,0
7.15,295,3,2,1,0
8.1,944,4,2,3,0
8,187,4,3,2,1
8.75,70,2,2,2,1
3.00066,600,3,2,0,0
2.9,312,2,2,1,0
23.6,433,4,2,1,0
3,463,3,2,1,0
2.81,809,3,2,2,0
4.8,761,4,2,2,0
4.85,1860,3,1,1,0
4.01,534,3,1,2,0
5.2,400,3,2,2,0
2.9,369,3,2,2,0
3.57,539,4,2,2,0
5.2,495,4,2,2,0
4.31,549,3,2,1,0
8.8,624,3,1,1,0
8,743,3,1,2,1
3.2,950,1,1,0,1
10,388,2,2,2,0
11.5,491,3,1,1,0
2.25,108,1,1,1,1
3.05,841,3,1,1,0
17,338,3,2,2,1
7.9,746,3,2,1,0
3.86,921,2,1,1,1
3.67,119,2,1,1,0
3.806,533,3,1,2,0
4.7,399,2,2,3,1
4.7955,1021,2,1,1,1
5.45,353,4,2,2,0
16.7,594,3,2,4,0
9.08,203,3,1,2,0
4.7,696,2,1,1,0
18.25,644,3,2,2,0
9,1226,2,2,2,1
5,920,2,1,1,1
6.6,651,2,1,1,0
3.43,186,2,1,1,1
5.4,88,2,2,1,1
8.15,767,3,3,2,0
6.06,53,3,2,1,1
6.5,429,3,2,1,1
5.2,817,4,3,2,0
4.06,325,3,2,2,0
3.3,740,3,2,2,1
5.5,2864,2,1,1,1
10,241,3,1,1,0
4.635,154,2,1,1,1
4.6,596,4,2,2,0
4.2,632,4,2,2,0
6.37,578,3,2,2,0
4.52,592,3,2,2,1
4.2,2230,2,1,1,1
7.57,120,3,1,2,1
8.1,465,3,2,1,0
2.24,246,3,1,1,1
15.12,406,4,2,1,0
5.9,170,3,2,1,1
6,202,3,2,2,0
7.8,287,3,2,2,1
7.05,797,3,2,2,0
5.3,558,4,2,2,0
7.35,1282,2,2,1,1
3.2,305,3,2,2,1
2.75,530,3,1,1,0
5.15,560,4,2,2,0
3.1,555,2,1,2,0
5.1,637,4,2,2,0
4.02,415,4,2,2,0
7.92,550,2,2,2,0
2.92,590,3,1,1,0
6.4,2323,2,2,1,1
2.95,313,3,2,1,0
7.15,1050,5,2,2,0
2.92,145,2,1,1,1
3.708,1214,1,1,1,1
2.565,537,3,1,1,0
4.1,465,4,2,2,0
3,208,2,1,1,0
4.32,225,2,2,2,1
3.65,562,3,1,1,0
3.05,647,3,1,2,0
6.50179,612,4,3,2,0
10.2,286,3,1,1,0
3.05,591,2,1,1,0
18.5,1012,6,4,4,0
6,209,3,2,1,0
30.1,838,5,4,2,0
5.57,232,3,1,2,0
3.999,350,4,2,2,0
12,656,3,1,2,0
3.05,370,3,2,1,0
3.585,714,3,2,2,0
3.52,680,1,1,1,1
5.85,627,4,2,2,0
6.275,612,2,1,1,1
7.98,2192,3,2,2,1
4.049,350,4,2,2,0
2,555,3,1,2,0
6.3,1626,2,2,1,1
5.45,664,4,2,4,0
4,502,2,1,2,0
3.975,3407,1,1,1,1
5.46,475,3,1,0,0
3.025,828,3,2,1,0
5.96,251,3,2,1,0
4.2,420,4,2,2,0
3.3,224,3,1,2,1
3.1,716,2,1,1,1
5.95,350,4,3,2,0
2.7,377,3,2,2,0
4.2,1011,3,2,4,0
2.55,910,1,1,1,1
3.16,169,3,1,1,1
3.45,129,2,2,1,1
12.05,468,4,2,2,0
7.6,880,2,1,1,1
3.8,400,4,2,2,0
2.65,650,3,1,1,0
11.8,653,5,2,2,0
4.11,2331,2,1,2,1
22.75,797,5,4,6,0
3.7,2023,1,1,1,1
3.9,312,3,2,1,0
9.8,266,3,2,3,1
10.5,804,2,1,1,0
2.25,576,3,1,3,0
3.3,732,3,1,2,1
4.45,1196,2,1,2,1
4.6,450,2,1,1,1
24,384,4,3,2,0
15,407,3,2,2,1
6.5,427,4,2,2,0
7.11,100,2,1,1,0
24.5,1557,3,3,3,1
2.655,242,2,1,2,1
4.55,650,3,2,2,0
2.47,590,4,1,3,0
3.6,1910,2,1,1,1
7.83,687,3,2,3,0
5.7,439,3,1,1,0
3.75,313,3,2,1,0
13.9,296,3,1,1,0
10.05,306,4,2,2,0
5.3,700,2,2,1,1
4,533,3,2,2,0
6.825,686,3,2,3,0
3.78,800,3,1,4,0
3.5,471,4,1,2,0
4.76,820,3,1,3,0
4.4,420,3,2,2,0
4.5,323,3,2,2,0
4.25,725,2,1,1,1
4.55,532,3,2,4,0
13.79,339,4,2,2,0
5.4,624,4,2,2,0
3.625,577,4,2,4,0
4.525,599,3,2,1,0
4.1,300,3,1,1,0
2.65002,570,3,2,1,0
9.5,500,3,1,2,0
6.25,160,2,2,2,1
17.3,214,2,2,1,0
3.45,212,3,2,1,1
2.887,578,3,2,2,0
6.05,494,3,2,2,0
3.31,678,3,2,3,0
24.15,3001,2,2,1,1
3.4,605,3,2,2,0
3.45,1782,2,2,2,1
5.55,780,3,2,3,0
6.75,329,3,2,3,0
6,278,2,1,1,0
12.1,206,3,1,1,0
3.6,650,3,2,2,0
3.49,175,2,1,1,0
3.46,914,2,1,1,1
5.55,624,4,2,2,0
4.3,600,5,2,2,0
2.95,261,3,2,2,0
2.9,357,3,2,2,0
2.92,525,3,2,2,0
17.5,650,3,2,2,0
4.25,544,4,2,3,0
6.25,1221,3,1,6,0
3.02,713,3,1,2,0
17.35,1089,2,1,1,1
4.6,647,4,2,2,0
3.85,646,3,2,2,0
4.3,400,3,2,2,0
7.01,221,3,2,2,0
3.65,604,3,2,2,0
2.8,2217,1,1,1,1
2.915,2038,2,1,1,1
5.5,534,3,1,1,0
3.75,588,3,1,1,0
8.2,730,2,1,1,1
4.05,122,3,2,2,1
4.69,1404,1,1,1,0
3.9,258,3,1,2,1
5.54,997,2,1,1,1
4.06,400,4,2,2,0
3.15002,139,2,1,1,1
7.35,591,3,2,2,0
6.41,1019,2,2,1,1
5.7,375,4,2,2,0
4.3,400,4,2,2,0
9.07,656,3,1,4,0
3.28,605,3,1,1,0
4.15,315,5,2,2,0
5.74,1253,2,1,1,1
3.3,527,3,2,2,0
7.4,785,4,2,2,0
3.4,400,2,2,2,0
4.36,1323,2,1,1,0
28,780,2,2,2,0
4.14,1060,3,1,1,0
7.7,322,4,2,2,0
2.4,430,2,1,1,1
9.3,1207,3,2,2,1
15,352,4,4,2,0
7.05,1000,4,2,3,0
22.25,281,3,2,4,0
3.05,358,3,1,1,0
3.65,449,4,2,2,0
5.05,734,3,2,2,0
6.85,466,4,1,1,0
5.5,238,3,1,2,1
6.35,253,2,1,1,0
5.65,826,3,3,3,0
6.5,303,4,2,2,0
3.5005,288,3,1,1,1
4.08,3094,1,1,1,1
7.8,587,4,2,1,0
17.7,708,3,2,2,0
12.5,1164,3,2,2,0
26.76,697,3,2,3,0
2.475,396,2,1,1,0
8,405,3,2,1,0
3.66,530,3,2,1,0
4.17,426,4,2,2,0
12.1,713,3,1,1,0
4.65,493,4,2,2,0
11.3,644,2,1,1,0
3.85,793,3,1,2,0
6.33,474,4,2,2,0
6,885,6,2,3,0
4.95,811,3,1,1,0
5.6,1390,2,1,1,1
4.2,355,3,1,1,0
3.25,713,3,1,2,0
5.25,337,5,2,2,0
4.25,764,4,2,2,0
4.183,408,2,1,2,0
2.85,2108,2,1,1,1
4.81,1874,2,1,1,1
4.5,447,4,2,2,0
14.3,340,3,1,2,0
9.32,826,4,2,2,0
2.1,499,2,1,2,0
4.8,124,2,1,1,0
4.4,154,2,1,2,1
3.55,260,2,2,1,1
3.15,681,3,1,2,0
4.25,553,3,2,2,0
3,1442,1,1,0,1
3.525,116,2,1,1,1
4.7,536,3,2,2,0
10.07,224,2,2,2,1
5.25,808,3,1,2,0
21,766,4,3,2,0
5.225,89,3,1,1,1
3.95,415,4,2,2,0
5.32,448,4,2,2,0
3.95,100,3,2,1,0
4.965,208,2,1,1,0
19.6,429,3,3,1,0
3.55,657,4,2,1,0
4.49,1752,2,1,0,1
11.625,424,4,2,2,0
4.5,723,3,1,0,0
3.61,262,3,2,1,0
4.125,587,3,2,2,0
4.4,966,2,1,1,1
3.3,832,1,1,1,1
5.43,604,3,1,1,0
65.6,3001,3,4,3,1
3.44256,345,3,2,2,1
3.2,906,3,1,2,0
8.9,287,3,2,1,0
2.575,2547,2,1,1,1
2.9,2560,3,1,1,1
8.27,334,3,1,2,0
6.65,752,5,3,2,0
9.07,320,3,1,1,0
5.39,1511,2,2,1,1
3.68,2127,2,1,1,0
5.9,669,4,3,2,0
11,532,4,2,4,0
4.3279,420,3,2,2,0
7.1,1143,2,2,1,1
8.25,613,4,3,2,0
29,515,4,3,1,0
2.49,580,2,1,2,0
4.249,312,4,2,2,0
12.58,108,3,2,2,0
4,184,2,1,1,1
3.51,646,3,2,2,0
6.9,77,2,2,1,1
3.12,509,3,1,1,0
5.41,588,3,1,2,0
14.3,330,2,2,1,0
3.6995,314,4,2,2,0
4.18,434,4,2,2,0
7.6,540,4,2,2,0
6.75,1728,3,1,1,0
6.60002,2127,2,2,1,1
6.31,501,2,2,2,0
5.25002,3482,2,1,1,1
2.45,1202,1,1,1,1
4.6,576,4,2,2,0
2.8,65,2,1,1,1
2.7,856,3,2,1,0
3.96,596,4,2,2,0
4.2,2343,2,2,1,1
8.26,1600,4,1,2,0
4.05,2230,1,1,1,1
3.45,341,3,2,1,0
2.94,153,2,1,1,1
4.08,760,4,2,2,0
2.25,512,4,2,2,0
3.6,451,3,2,1,0
5.53,875,2,2,1,1
6.52,393,4,2,2,0
23,745,4,2,2,0
3.96,706,3,1,1,1
20.7,711,4,3,2,0
7.41,471,3,2,2,0
2.895,638,3,1,2,0
7.5,152,3,2,2,1
3.9,946,2,1,1,1
3.65,308,3,1,2,1
7.75,892,3,3,2,0
14.8,621,2,2,1,0
4,1385,2,1,1,1
3.29,260,3,2,1,0
9.8,586,3,1,1,0
5.2,596,6,2,4,0
3.3,278,2,1,1,1
6.36,512,5,2,2,0
7.9,459,2,1,1,1
2.85,844,2,2,1,0
7.15,472,3,1,1,0
4.82,462,3,2,2,0
7.1,843,2,1,1,1
4.4,337,4,3,2,0
2.7,567,3,2,2,0
6.3,162,3,2,2,1
2.95,813,3,2,2,0
2.605,797,3,1,1,0
3.811,303,3,1,1,1
3.85,2311,1,1,1,1
6.35,174,3,2,1,0
4.3,1791,1,1,1,1
6.72,1626,1,2,1,1
7.85,752,3,1,1,0
2.65,530,3,1,2,0
4.3,1007,2,1,1,1
6.3,334,3,1,1,0
4.37,2384,2,1,1,1
5,504,3,1,1,0
5.08,514,4,2,2,0
5.05,1262,2,1,1,1
4.05,2846,2,2,1,1
2.85,289,3,1,1,1
5.85,588,3,1,2,0
3.1,526,3,1,1,0
6.95,195,3,2,2,0
2.49,467,3,1,2,0
9,725,4,2,2,0
3.45,448,3,1,1,0
4.72,320,3,2,1,0
3.7,592,3,1,1,0
5,534,3,1,1,0
3.38,671,3,1,2,0
4.95,595,2,2,2,0
3.55,570,3,1,1,0
5.58,166,2,1,2,0
2.275,280,2,1,1,1
21.3,664,5,1,2,0
3.75,790,3,2,2,0
3.45,627,3,1,1,0
3.25,692,2,1,1,1
4.075,2783,2,2,1,1
3.08,634,3,1,4,0
4.26,357,3,2,2,1
9.75,315,2,1,2,1
3.63,2574,1,1,1,1
5.63,1752,2,2,1,1
4.07,382,4,2,1,1
15,243,2,1,1,0
14.65,1024,4,2,2,0
3.75,512,3,2,2,0
5.7,531,3,2,1,0
2.3,543,3,2,1,0
6.18,711,4,3,4,0
3.12,313,3,1,1,0
4.875,450,2,1,1,1
8.21,292,2,1,2,0
4.95,251,3,2,1,1
7.95,88,2,4,1,1
2.85,511,3,2,2,0
4.75,252,3,1,1,1
2.89,623,3,1,2,0
3.82,411,3,2,2,0
8,308,3,2,1,1
3.07,430,3,2,2,0
4.85,2896,1,1,1,0
12.75,734,5,2,2,0
5,702,4,2,2,0
7.7,526,2,1,3,0
2.4,1041,4,1,1,1
6.02,427,3,1,1,0
6,801,3,2,2,0
2.5,211,2,1,1,0
3.47,716,3,2,2,0
6.75,213,4,2,2,1
4.75,923,1,1,1,1
7.8,313,2,1,1,0
4.9,184,2,1,2,1
3.8,684,3,1,2,0
7.21,777,2,1,2,0
5.35,792,3,1,1,0
7.9,338,3,2,1,1
6.05,683,3,2,2,0
3.425,1653,4,2,5,1
3.1,626,3,1,2,0
2.84,665,4,2,1,0
4.1,546,3,2,2,0
20,394,4,3,2,0
3.499,241,2,2,1,0
7.2,810,4,1,0,1
12.3,682,5,3,2,0
8.5,427,3,2,1,0
7.45,770,3,2,2,0
7.38,1779,2,2,1,1
3.05,563,3,2,1,0
5.85,1619,2,1,1,1
3.8,583,4,2,2,0
3.28,962,1,1,2,1
6.8,273,3,1,1,0
4.15,690,3,1,1,0
7.68,717,1,1,1,0
6,197,2,1,1,1
6.8625,334,3,1,1,0
3.25,528,3,1,1,0
3.2,512,4,2,2,0
3.67,1620,2,1,1,1
4.2,300,3,1,1,1
3.575,376,4,2,2,0
8.04,664,3,1,1,0
5.15,608,4,2,2,0
4.91,399,3,2,2,0
6.205,2323,2,2,1,1
4.825,1653,4,2,5,1
9.635,222,3,1,2,0
11.72,490,3,1,2,0
3.42,227,3,2,1,1
31.25,659,4,2,2,0
3.97,556,4,2,2,0
5.4,632,2,1,0,0
6.39,452,3,2,1,0
2.65,353,3,2,1,0
4,2345,1,1,1,1
4.55,696,3,1,1,0
3.78,400,4,2,2,0
10.1,557,3,3,1,1
3.05,521,4,2,2,0
3.9,2825,1,1,1,1
3.325,1653,1,1,1,1
6.15,557,2,1,1,0
4.55,894,2,1,1,1
2.81,238,2,1,2,0
5,2578,1,1,1,1
11.4,3042,2,2,2,1
3.75,2323,2,1,1,1
3.65,573,3,1,1,0
5.37,1969,2,2,1,1
2.07,1046,1,1,1,1
4.7,649,4,2,2,0
4.905,427,2,1,1,0
5.85,1104,2,1,1,0
4,982,2,1,1,1
5.7,572,5,3,2,0
4.5,612,4,2,2,0
9.86,290,2,1,1,0
8.55,1207,3,2,2,0
4.25,2607,1,1,1,0
40.11,286,4,3,2,0
3.75,149,2,1,1,1
3.71,594,3,1,2,0
7.725,816,5,3,4,0
6.22,350,4,3,2,0
4.35,623,3,1,2,0
3.8,443,4,2,2,0
3.9,538,4,1,2,0
24.75,1274,4,1,1,0
6.3,534,2,1,1,0
4,118,2,1,1,1
5.2,159,3,2,1,0
2.68,650,2,1,1,1
2.7,580,3,1,1,0
5.85,699,4,2,2,0
3.275,825,1,1,1,1
6.85,2323,2,2,1,1
6.2,169,3,2,2,1
3.1,662,4,2,2,0
2.95,558,4,2,4,0
3.35,51,2,1,1,1
7.65,925,4,2,4,0
7,785,4,1,2,0
5.3,623,3,2,1,0
2.975,266,3,2,2,0
3.4,790,2,1,1,1
43.25,1054,4,3,2,0
2.21,600,3,2,1,0
5.5,589,4,3,1,0
3.85,180,3,2,1,1
4,595,4,3,2,0
4.0613,90,3,1,2,0
11.635,285,3,2,2,0
4.07,560,3,1,1,0
4.31375,2825,1,1,1,1
11.75,110,3,2,2,1
4.95,576,4,2,2,0
4.25,450,4,2,2,0
6.85,2127,2,2,1,1
3.6,593,4,2,2,0
8.15,647,3,2,2,0
4.47,690,4,2,2,0
5.77,700,4,2,2,0
6.6,503,4,2,1,0
4.42,558,4,2,2,0
11.51,565,3,1,3,0
5.53,597,3,2,2,0
3.55,1877,2,1,1,0
4.6,494,2,1,1,1
2.85,1668,1,1,0,1
4.15,1914,1,1,1,1
3.325,335,3,2,2,0
3.62,650,4,2,2,0
2.35,577,4,2,2,0
4.825,2038,2,1,2,1
3.8,680,3,1,1,0
3.15,622,4,1,2,0
5.86,164,3,2,1,0
6.6,108,3,2,2,0
4.73,530,3,2,2,0
6.49,204,3,2,2,0
2.1,151,2,1,1,1
2.925,1092,1,1,1,1
10.01,906,3,1,4,0
3.65,525,2,1,1,1
7.7,284,3,2,2,1
5.71,113,2,1,1,1
9.35,813,3,1,2,0
2.225,2178,2,1,1,1
4.125,805,4,2,2,0
4.25,806,4,2,2,0
3.85,312,3,2,2,0
4.35,780,3,2,4,0
4,870,3,3,4,0
3.02,132,3,1,1,1
3.61,532,3,2,4,0
5,1059,2,1,1,1
7.85,611,3,2,2,0
3.3,390,3,2,2,0
5.85002,591,3,1,1,0
19.5,401,3,1,1,0
5,397,2,1,1,1
4.04,400,3,2,2,0
4.5,238,3,2,2,1
3.8,1969,1,1,1,1
5.6,1069,2,1,1,0
10.55,697,3,3,2,0
3.95,133,3,2,2,1
3.21,526,2,1,1,1
8.275,600,3,2,1,0
6.49,71,1,1,1,0
3.80001,512,4,2,2,0
6.2,604,2,1,2,0
3.1,690,3,1,2,0
3.92,725,3,2,6,0
3.13,677,2,1,1,1
3.375,170,2,2,1,1
3,533,3,1,1,0
6,589,3,1,2,0
2.15,576,4,1,2,0
4.102,746,3,2,2,0
2.15,514,4,3,2,0
7.9,793,3,3,2,1
5.5,1280,3,1,1,1
3.05,449,4,1,1,0
5.85,667,4,2,4,0
5.8,545,3,1,1,0
3.4995,314,3,2,2,0
5.85,630,4,2,2,0
4.95,643,4,2,2,0
3.02,506,4,2,2,0
5.3,140,3,2,1,0
4.1,335,3,2,1,0
4.44,649,3,1,3,0
3.601,791,3,1,2,0
5.45,577,4,2,2,0
13,308,5,2,2,1
5.96,178,2,2,1,1
3.26876,1658,2,1,1,1
4.98,569,5,2,2,0
3.95,305,3,2,2,1
8.455,357,2,1,1,0
2.98,563,3,1,1,0
7.125,949,4,2,2,0
2.9,185,2,1,1,1
5.4,687,4,2,3,0
4.5,248,2,1,0,1
9.2,213,3,2,2,1
3.58,1813,2,1,1,1
13.85,183,3,3,3,1
2.925,246,3,1,1,1
5.925,530,4,2,2,0
6.5,449,4,2,2,0
4.5,1232,3,2,1,1
4.68,196,3,2,1,0
2.6,782,1,1,1,1
5.4,173,3,2,2,1
5.8,592,3,2,2,0
3.399,238,3,2,1,0
2.98,207,2,1,1,1
4.1,1000,3,2,2,0
4.7,535,3,1,2,0
6.5,788,3,2,2,0
8.4,216,2,1,1,0
4.75,2118,2,1,1,1
3.131,696,2,1,1,0
4.91,2896,1,1,1,1
3.58,679,3,2,2,0
7.28,2322,3,2,1,1
9.2,236,3,2,2,1
3.1,134,3,2,1,1
2.78,665,3,2,1,0
15.26,662,4,2,2,0
4.5275,1360,2,1,1,1
10.6,150,3,1,0,0
4,163,3,2,1,1
6.05,531,3,2,2,0
3.45,688,3,1,2,0
3.3,359,3,1,1,0
3.2,683,3,1,3,0
3.3,153,2,1,1,1
9.25,267,3,3,2,0
7.4,250,4,3,2,0
4.42,720,4,2,2,0
4.25,710,3,1,1,0
4.31,560,3,1,0,0
3.65,400,3,2,2,0
2.63,586,3,1,2,0
3.32,785,3,1,3,0
4.5,703,2,1,4,0
6.15,238,3,2,2,1
6.125,336,2,1,2,0
6.22,399,3,1,1,0
32.25,585,3,1,2,0
4.25,2375,3,1,1,1
4.175,400,4,2,2,0
6.825,494,3,1,2,0
6.56,228,3,1,1,1
3.51,398,4,2,2,0
5.6,339,2,1,1,0
4.3,548,1,1,1,1
7.4,762,3,2,4,1
2.9,440,3,2,1,0
9.3,363,3,1,1,0
3.41,316,3,2,2,0
4.55,768,4,2,2,0
4.22,2238,1,1,1,1
4.16,715,3,1,1,0
10.35,415,4,2,2,0
3.8425,788,2,1,1,1
4.09,627,3,1,1,0
4,1969,2,1,1,1
3.67,448,3,2,2,0
8.5,767,4,2,1,0
8.75,829,2,1,2,0
2.3,570,4,1,1,0
5.95,155,2,1,1,0
4.048,1218,1,2,0,1
3.2,541,1,1,1,1
3.65,366,3,2,2,1
12.4,336,2,1,1,0
7.4,355,3,2,4,0
5.55,713,3,2,2,0
4.85,796,3,2,2,0
5.2,80,2,1,2,1
4.2,694,4,2,2,0
4.1,576,3,2,2,0
4.9,169,1,1,1,0
4.15,213,3,3,2,0
3.35,589,3,2,1,0
2.4,367,2,1,2,0
14.1,857,4,2,2,0
4.149,399,4,2,2,0
4.2,2896,2,1,1,1
35.5,855,5,4,4,0
4.75,469,4,2,4,0
2.6,250,3,2,1,1
3,562,3,1,2,0
2.95,153,2,2,1,0
6.55,658,4,2,2,0
3.9,691,3,1,1,0
3.2,335,3,2,2,0
15.4,241,3,2,2,0
14,402,3,2,2,0
6.91,557,4,1,3,0
10.4,301,2,2,1,0
30.5,2342,2,2,2,1
4.22,186,2,1,2,0
3,144,2,1,1,0
3.7,580,3,1,2,0
2.9,182,1,1,1,1
3.65,877,1,1,1,1
7.25,226,4,3,2,0
3.93,570,3,2,2,0
3.4,557,3,1,2,0
4.05,2057,1,1,1,0
2.75,192,2,1,1,1
5.35,176,3,2,1,1
6.21,1410,2,1,1,1
2.87,557,4,1,1,0
4.6,350,4,2,2,0
5.3,2065,2,2,1,1
3.78,512,3,2,2,0
6.5,699,4,2,2,0
3.6,697,2,1,2,0
5.2,2323,2,2,1,1
8.35,446,2,1,1,0
5.04,784,3,1,1,1
20.12,613,3,2,2,0
5.65,188,3,2,1,1
4.59,536,3,2,3,0
6.55,605,4,2,2,0
3.225,312,3,2,2,0
3.85,727,5,2,1,0
7.52,249,3,1,2,0
2.5,1100,1,1,1,1
2.85,427,3,1,1,1
3.72,145,2,1,1,1
5,1137,2,2,1,1
2.25,1323,2,1,1,1
3.49,448,3,2,1,0
3.6,602,3,1,2,0
4.015,2253,2,1,1,1
16.5,911,2,1,2,0
35.5,756,5,4,3,0
4.87,511,3,1,1,0
4.16,676,3,1,1,0
33,890,3,2,2,0
3.8,717,3,3,2,0
3.08,558,3,2,1,0
3.538,1271,1,1,1,1
3.89,73,2,1,2,1
3.87,446,4,2,2,0
4.05,408,3,2,2,0
3.5,320,3,2,1,0
9.31,556,4,2,3,0
3.98,599,3,2,2,0
2.4,570,3,1,1,0
5.75,701,3,2,1,1
2.85,270,3,2,1,0
3.1,110,3,2,1,0
2.55,676,3,1,1,0
2.62,185,2,2,1,1
3.25,655,1,1,1,1
3.55,509,3,2,2,0
4.1,766,3,2,1,0
4.335,625,3,1,2,0
3.6,656,4,2,2,0
4.6,502,4,2,2,0
6.62,480,4,1,1,0
3.09,295,3,2,1,1
6.675,124,2,1,1,0
4.76111,2201,2,1,1,1
4.5,459,3,2,2,0
3.4,102,2,1,1,1
3.49,512,3,2,2,0
6.25,97,2,1,1,1
5.2,823,3,1,1,0
3.4,510,3,2,1,0
9.88,663,3,2,2,0
7.23,357,1,1,2,0
3.8,762,3,2,2,0
3.57,1127,2,1,1,1
47.1,1045,4,3,2,0
3.299,130,2,1,1,0
4.92,1957,2,1,1,0
10.55,326,3,1,1,0
7.2,613,3,1,1,1
7.32,648,3,2,6,0
3.2,1133,3,1,1,1
3.95,546,3,1,1,0
3.43,522,2,1,2,0
4.25,501,1,1,1,1
4.0227,670,3,1,2,0
3.1,646,2,1,2,0
4.2,867,3,1,1,0
12.16,395,4,3,2,0
2.66,590,3,2,2,0
5.2,859,2,1,1,1
4.8,2127,2,1,0,1
4.55,580,2,1,1,1
2.2,94,2,1,1,1
3.749,167,3,2,2,0
9.3,184,2,2,2,0
5.755,139,3,1,2,0
5.38,318,3,2,2,0
17.25,1250,3,3,2,0
2.25,211,3,1,1,1
3.575,740,3,2,2,0
3.45,660,3,2,3,0
4.75,188,3,2,1,1
5.8,788,2,2,1,0
2.7,1159,2,1,1,1
5.95,270,3,2,2,0
6,292,3,1,1,0
5.15,831,5,2,2,0
5.2,616,3,2,2,0
8.15,159,2,1,2,1
5.7,594,3,1,1,0
4.07,604,3,2,2,0
3.78,338,3,2,2,0
15.35,286,2,2,2,0
12.26,370,3,1,1,0
4.5,394,4,2,2,0
4.03,516,4,2,2,0
4.13,580,4,2,2,0
5.538,1470,3,2,2,1
4,702,3,1,1,0
3.6,530,3,2,2,0
11.8,169,2,1,1,0
4.3,448,4,2,2,0
3.3,971,1,1,1,1
4,72,2,2,1,1
11.8,658,3,1,2,0
13.35,333,4,2,2,1
4.63,1280,2,2,0,1
3.7,553,3,1,0,0
2.825,653,3,2,2,0
3.45,525,2,1,1,1
3.51,1752,1,1,0,1
4.37,1226,2,1,1,1
4.9995,764,2,1,1,1
2.65,2177,1,1,2,1
10.15,190,3,1,1,0
3.7,603,3,1,1,0
3.845,575,1,1,0,1
3,660,2,1,1,0
4.7,722,3,2,2,0
15.625,472,4,2,2,0
5,669,3,1,2,0
4.3,635,3,2,2,0
3.95,209,3,1,1,1
3.32,257,2,2,1,1
4.561,480,3,2,2,0
4.71,678,3,2,1,0
6,1731,2,1,1,1
4.8,528,3,2,2,0
6.6,702,7,4,2,0
3.5,668,2,1,1,0
7.25,218,4,3,1,0
4.55,963,2,1,1,1
2.75,136,2,1,1,1
12.88,647,4,2,2,0
3.10002,202,3,2,1,1
5.41,663,4,2,2,0
17.95,420,3,2,2,0
3.62,306,3,2,2,0
3.03,681,3,1,2,0
6.67,288,2,2,1,0
4.63,178,2,1,1,1
4.8,1094,2,1,1,1
3.9,447,3,2,2,1
2.5,265,2,1,0,1
7.205,313,3,2,4,1
3.5,207,2,2,1,1
19.62,259,4,3,2,0
20.5,560,3,4,2,0
4.25,620,3,2,3,0
6.05,716,3,2,4,0
4,1411,1,1,0,1
6.25,755,2,1,1,1
21,471,3,2,2,0
2.25,1066,1,1,1,1
6.1,799,3,1,2,1
3.2,692,3,1,1,0
5.35,459,3,1,2,0
4.35,2340,2,1,2,1
2.795,522,3,2,2,0
3.26,390,2,1,1,0
3.8095,335,3,2,2,0
6.3,169,3,1,2,1
3.35,657,3,1,2,0
13.3,685,4,2,4,0
9.29,2037,5,3,5,0
3.15,533,3,2,3,0
14,1168,3,2,1,1
4.7,700,4,2,2,0
12.7,577,4,2,3,0
3.15,532,3,2,2,0
2.95,328,4,2,2,0
2.8,556,3,1,2,0
4.3,571,3,2,2,0
6,643,3,2,2,0
2.92,853,1,1,2,1
5.5,476,4,2,2,0
5.1,726,3,2,1,0
3.19,596,3,1,4,0
8,453,3,2,1,0
10.78,741,3,2,2,0
5.65,1125,2,1,1,1
3.25,416,4,2,2,0
2.75,315,3,1,1,0
2.79,3139,2,1,1,1
13.6,159,3,2,2,1
18,310,3,1,1,0
5.35,534,3,1,4,0
3.45,628,3,1,2,0
6.5,207,2,1,1,0
3.125,250,3,2,1,0
4.25,613,4,2,2,0
3.68,2323,1,1,1,1
4.8,741,2,2,1,1
3.13,698,3,1,1,0
4.5,500,3,2,2,0
5.82,138,3,1,2,1
4.2,669,3,2,2,0
2.9,265,3,1,1,1
3.4,1046,2,1,1,1
2.5,1050,2,1,0,1
9.6,548,3,2,2,0
8.3,850,4,2,2,0
5.11,567,3,1,1,0
5.5,479,5,2,2,0
2.8,210,3,1,1,1
4.58,182,3,1,1,1
3,153,3,2,1,0
4.4,400,3,2,2,0
5.85,920,3,2,1,1
8.85,255,2,1,1,1
2.676,119,2,1,1,1
4.07,415,4,2,2,0
18,290,2,1,1,0
3.3,638,4,2,2,0
4.15,320,3,2,1,0
7.2,587,3,1,2,0
5.85,2846,2,2,1,1
2.5,752,3,1,2,0
3.83,531,3,2,1,0
3.64,1386,2,2,1,1
10.1,605,4,1,2,0
4.5,745,4,2,2,0
4.1,715,3,1,2,0
16.988,1099,4,3,2,0
4.6,811,4,2,4,0
8.6,346,3,2,3,0
5.4,837,5,2,2,0
4.01,374,3,2,2,0
4.5,532,4,2,2,0
5.2,734,4,2,2,0
3.57,635,3,2,2,0
7.12,889,2,1,2,0
3.75,2955,2,1,1,1
4.2,1104,1,1,1,0
6.4,647,3,2,1,0
6.05,106,2,2,1,1
3.34,670,3,1,2,0
19,1540,2,2,2,1
3.81,1937,2,2,1,1
4.31,454,4,2,2,0
34,622,4,2,2,0
4.74,245,3,2,1,0
7.9,596,3,1,1,0
3.01,176,3,2,2,0
2.6,177,2,1,1,0
3.2,464,3,2,2,0
4.325,701,3,2,2,0
7.15,315,3,1,1,0
4.415,600,4,2,2,0
4.1,724,2,1,1,0
9.16,482,3,1,3,0
3.7,339,3,1,1,1
3.43,375,3,2,2,0
6.35,762,4,2,4,0
3.28,521,3,2,2,0
4.6,289,3,2,2,1
2.55,192,3,1,1,1
4.45,836,5,2,2,0
4.2,330,3,1,2,0
3.35,1052,1,1,1,1
6.86,585,4,1,1,0
7.1,329,2,1,1,0
3.45,500,3,2,2,0
3.32,675,3,1,2,0
9.24,732,3,1,1,0
4.3,2794,1,1,1,1
4.185,450,4,2,2,0
8.8,679,4,2,2,0
4.5,744,4,2,2,0
2.7,267,3,1,1,0
4.19,400,3,2,2,0
3.59,1782,2,1,1,1
4.2,376,3,2,2,0
3.765,575,1,1,0,1
8,795,4,2,2,0
15.25,543,3,2,1,1
3.7,530,3,1,2,0
3.375,785,3,2,1,0
4,702,4,1,1,0
8.85,742,2,1,4,0
5.12,681,4,2,3,0
3.35,458,4,2,2,0
6,896,4,2,2,0
4.08,503,4,2,2,0
4.35,700,4,2,3,0
3.3,699,3,2,2,0
3.1,960,3,1,2,0
6.2,727,4,3,1,0
3.8,540,4,2,2,0
5,2291,2,1,1,0
3.15,300,4,2,1,0
4.05,802,4,2,2,0
13.3,612,3,2,3,0
5.2,756,4,2,3,0
4.2,606,3,2,2,0
3.15,227,2,1,1,1
2.75,215,2,1,1,1
9.5,655,3,3,2,0
4,100,2,1,1,0
2.8,685,3,3,2,0
2.94175,2038,2,1,1,0
4.74,245,3,3,2,0
3,284,4,2,1,1
2.8,466,3,1,3,1
6.5,568,3,2,2,0
3.6,541,4,2,2,0
3.51,680,3,1,1,0
3,625,3,1,2,0
2.6,690,3,1,0,0
5.85,641,4,2,2,0
3.76,209,4,2,2,0
7.72,431,2,1,1,1
4.12,706,4,2,2,0
5.15,1733,2,1,1,1
3.8,199,2,1,1,1
3.95,784,3,2,4,0
5.15,670,3,2,2,0
13.11,1158,2,2,1,1
5.4,566,2,1,4,0
3,950,1,1,1,1
2.8,2691,1,1,0,1
4.45,655,3,2,1,0
3.8,312,3,2,1,0
4.55,890,2,1,1,1
3.95,1025,2,1,1,1
5.25,253,3,2,2,1
4.8,245,4,2,2,0
4.555,2707,1,2,1,1
28,811,4,2,2,0
3.55,400,4,2,2,0
4.8,934,2,1,1,1
16.9,365,3,2,2,1
3.4,264,2,1,1,1
12.2,726,3,1,2,0
3.4,645,3,1,2,0
13.6,710,5,3,4,0
2.95,1173,1,1,1,1
4.52,449,4,2,2,0
3.5,538,3,1,2,0
17.05,922,1,1,1,0
7.8,1363,2,1,2,1
4.92,119,3,1,1,1
10,564,2,2,2,0
4.27,690,3,2,4,0
5.73,1792,2,1,1,1
4.35,511,3,2,2,0
3.85,448,3,2,2,0
3.49,592,3,2,3,0
5.7,812,2,1,1,1
2.06,181,2,1,1,1
3.78,159,3,2,2,1
3.505,719,3,2,2,0
5.10001,1128,2,1,2,1
3.67,623,3,1,1,0
3.95,1081,4,2,2,0
15,582,3,1,2,0
4.5,1689,2,1,1,1
3.25,157,2,1,1,0
5.65,764,3,1,1,0
3.9,2076,1,1,1,1
4.38,108,3,2,2,1
5.9,885,4,2,3,0
3.9,448,4,2,2,0
3.4,145,3,2,2,1
2.69,298,2,2,1,1
3.36,764,3,1,1,1
6.88,162,2,1,1,1
4.55,802,4,2,6,0
5.05,386,2,1,1,0
11.6,240,3,1,1,0
5.4029,2230,2,2,1,1
3.25,365,4,2,2,0
5.15,889,2,1,1,1
5.2,686,3,2,1,0
3.85,498,3,2,2,0
5.41,287,2,2,2,0
18.95,1207,3,2,2,0
5.32,554,3,2,2,0
39.6,1003,3,4,4,0
2.98,106,2,1,1,1
4.66,370,3,1,1,1
6.8,1034,5,2,2,0
4.275,2825,2,2,1,1
4.05,476,3,2,2,0
4.23,998,1,1,0,1
3.8,400,4,2,2,0
5.3,751,3,2,3,0
6.675,530,3,2,2,0
11.88,651,3,2,2,0
3.7,646,4,2,2,0
2.36,186,2,1,1,1
2.3,62,1,1,0,1
2,955,2,1,1,1
4.2857,745,3,2,2,0
7.15,395,3,1,1,0
4.12,585,4,1,2,0
38.5,1095,5,4,4,0
6.5,738,3,2,3,0
2.73,584,3,1,1,0
3.85,374,4,2,2,0
3.349,138,2,2,1,0
10.7,190,3,2,1,0
6.75,262,3,1,2,0
3.175,193,2,1,2,1
4,734,3,1,1,1
7,2230,2,1,1,1
3.13,323,3,2,1,1
11,502,3,1,4,0
12.55,672,3,2,2,0
3.85,576,3,1,2,0
8.1,1827,2,2,0,1
7.48888,574,4,2,2,0
11.75,214,3,2,2,1
6.96,597,5,2,2,0
9.4,190,3,1,2,0
5.35,788,3,1,1,0
4.7,463,2,1,1,1
9.65,445,3,2,3,0
3.45,638,3,1,1,0
3.05,1151,2,1,1,1
9.35,232,3,3,2,1
2.05,686,3,1,1,1
6,240,3,1,1,0
6.25,786,2,1,1,0
10.5,749,3,1,1,0
8.31,661,2,2,1,1
4.4,1860,2,1,1,1
11.3,741,3,1,3,0
18,1540,1,1,1,0
2.85,800,4,2,2,0
26.5,938,3,3,3,1
3.97,2232,1,1,1,1
4.4,649,3,3,2,0
8.375,230,2,1,2,0
5.1,942,2,1,1,1
6.96,2896,2,1,1,1
3.68,457,4,2,2,0
3.52,655,3,2,2,0
3.26,912,2,1,1,1
2.23,430,3,1,1,1
3.185,544,3,2,2,0
10.3,468,3,2,1,0
3.9,274,3,1,2,1
6.5,195,3,2,0,1
6,181,2,2,1,0
3.699,174,3,1,2,1
4.41,587,4,1,1,0
3.15,652,4,2,1,0
6.25,433,2,1,2,0
5.85,492,2,1,1,0
3.62,596,3,1,1,0
5.4,700,3,2,2,0
8.875,105,3,2,1,1
4.2,527,4,2,2,0
5.75,534,3,1,1,0
3.4,837,2,2,1,1
3.945,448,3,2,2,0
6.38,288,3,1,1,1
6.35,320,3,1,2,0
5.95,448,4,2,2,0
16,546,3,1,1,0
2.65,225,3,1,1,1
3.03,320,2,1,1,1
12.2,222,2,1,2,0
5.9999,395,2,1,0,1
4.2,611,3,1,1,0
4.8,624,3,1,2,0
7.525,275,1,1,1,0
2.95,566,3,1,1,0
3.7,637,5,2,2,0
6.05,761,2,2,1,1
6.96,2896,2,1,1,1
4.58,400,5,2,2,0
7,558,3,1,2,0
3.5,227,3,2,1,0
4.3,1860,2,1,1,1
3.9,560,3,2,2,0
4.975,1653,4,2,5,1
6.99,375,3,2,2,0
3.4,437,4,2,1,0
3.35,320,3,2,1,0
2.25,580,3,1,1,0
3.82,692,4,2,2,0
7.525,173,3,2,2,1
2.9,1999,2,1,1,1
3.6,442,3,2,2,0
3.735,512,4,2,2,0
3.5,308,3,2,2,0
10.6,558,3,2,2,0
5.13,1115,2,1,1,1
3.25,667,3,2,1,0
6.85,135,3,3,1,0
3.29,371,3,2,2,0
3.1,324,2,2,1,0
3.85,810,5,1,2,0
4.6,694,4,2,1,0
10,659,4,2,1,0
4.5275,526,4,2,2,0
4.375,582,4,2,2,0
4.95,1007,2,2,1,1
2.95,2011,2,1,0,1
9.63,261,3,1,2,0
2.55,1168,2,1,1,1
4.35,435,4,2,2,0
5.9,507,2,1,2,0
4.35,585,3,1,3,0
5.8,1874,1,1,1,1
13,553,3,2,3,0
3,982,1,1,1,1
8.7,725,3,1,1,0
3.86,556,4,2,2,0
7.15,516,4,2,2,0
3.50002,766,3,1,3,0
8.26,650,5,2,2,0
6.25,706,4,2,2,0
3,366,3,1,1,0
3.19,233,3,2,2,1
5.95,447,3,2,2,0
6.5625,731,3,2,2,0
3.65,1654,2,1,1,1
12,726,4,3,4,0
6.66,810,4,2,2,0
8.575,185,2,1,1,0
2.15,600,3,1,2,0
3.95,1827,1,1,1,1
5.7,836,4,2,2,0
5.75,584,3,1,1,0
5.93,400,3,2,2,0
5.07,616,3,2,2,0
4.3,378,4,3,2,0
3.15,490,3,2,2,0
7.1,182,2,1,2,1
6.41,445,3,2,2,1
11.6,750,4,2,3,0
5,192,2,1,1,0
18.6,148,3,2,2,1
3.65385,85,2,1,1,1
3.15,792,2,1,1,1
7.1,491,3,2,2,0
5.05,858,2,1,1,1
3.27,662,4,2,1,0
3.2,627,3,1,1,1
14.5,258,3,2,3,1
3.125,320,3,1,1,0
6.7,2248,3,2,2,0
3.35,198,3,2,2,0
3.77,244,4,2,2,0
7.6,342,2,2,1,0
3.8,480,4,2,2,0
10.7,105,2,2,2,0
35,741,4,3,2,0
9.5,713,4,3,2,0
5.15,220,3,2,2,1
10.5,650,3,1,1,0
7.46,437,3,2,1,0
6.25,627,2,1,1,1
4.1,914,2,1,1,1
3.66,88,2,2,1,0
5.95,195,2,2,2,1
3.55,375,3,2,2,0
4.63,3003,2,1,0,1
7.5,226,3,2,2,1
5.02,557,3,1,2,0
2.55,1019,1,1,1,1
7.8,484,3,2,2,1
3,227,2,1,1,1
3.833,130,2,1,1,1
4.36,538,3,1,1,0
9.55,2392,3,2,2,1
6.425,592,4,2,1,0
3.59,1937,2,2,1,1
7.9,1053,3,1,1,0
8.5,582,2,1,1,0
4.05,2065,1,1,1,1
8.3,302,2,2,2,0
3.6,179,3,2,2,1
6.68,700,4,3,2,0
2.6,282,3,2,2,0
16,102,3,3,4,0
10.88,746,4,1,1,0
9.3,378,2,2,2,1
3.75,2038,1,1,1,1
4.825,540,4,2,2,0
6.6,842,3,2,4,0
8.63,2316,3,2,1,0
3.425,652,3,1,1,1
3.35,198,3,2,2,0
2.22,532,4,2,2,0
4.1,400,3,2,2,0
3.02,288,3,2,2,0
3.08,567,3,2,2,0
5.34,266,3,1,1,0
24.02,643,4,2,2,0